avg = [
0.0032012688
0.0035863729
0.0038863447
0.0044740323
0.0051431353
0.0058976314
0.0064160234
0.0070687339
0.0070037080
0.0073558231
0.0081913205
0.0091966154
0.0096662255
0.0102347383
0.0111403943
0.0116073797
0.0118421453
0.0126128894
0.0132660262
0.0137532653
0.0141710146
0.0149732657
0.0156092572
0.0161291098
0.0170492593
0.0176360378
0.0179561433
0.0186592061
0.0193126664
0.0196987607
0.0205691381
0.0206356530
0.0212044239
0.0216889455
0.0221096486
0.0224953718
0.0232475055
0.0239519086
0.0248744478
0.0251417492
0.0256771274
0.0259967527
0.0264983954
0.0268510010
0.0269680678
0.0273209123
0.0273203162
0.0271694531
0.0271376761
0.0267683840
0.0268183216
0.0265681711
0.0264003113
0.0262655209
0.0261158559
0.0259988242
0.0255132316
0.0255283155
0.0251444186
0.0254455457
0.0251594679
0.0247910978
0.0246406397
0.0243204368
0.0240869512
0.0242378297
0.0242707543
0.0243872524
0.0242877916
0.0249243684
0.0248061775
0.0254591648
0.0253608772
0.0256618947
0.0259974902
0.0267830455
0.0273865142
0.0277379425
0.0286935669
0.0297817768
0.0303347201
0.0313240369
0.0322444737
0.0328971820
0.0340705969
0.0350752765
0.0360972790
0.0368355214
0.0379896250
0.0391973553
0.0400001897
0.0412902058
0.0421610244
0.0425818695
0.0436011436
0.0441198661
0.0449748577
0.0457779967
0.0459482314
0.0463325667
0.0467507698
0.0474540199
0.0472850999
0.0478704219
0.0485241626
0.0486586371
0.0489947976
0.0494144700
0.0499827890
0.0502012094
0.0508040878
0.0515918164
0.0521623788
0.0527803908
0.0535848617
0.0543043447
0.0550588358
0.0556298277
0.0564833836
0.0575900060
0.0583765691
0.0596493017
0.0609725932
0.0617757138
0.0627991698
0.0643249168
0.0654775117
0.0664668243
0.0680249113
0.0695651556
0.0711732804
0.0724965840
0.0742044888
0.0753463452
0.0770511611
0.0784925235
0.0797967416
0.0815575443
0.0830977528
0.0844542971
0.0857442040
0.0869673081
0.0879387273
0.0891619305
0.0902173216
0.0914557899
0.0923457849
0.0931489220
0.0936500196
0.0944052973
0.0949400522
0.0955431262
0.0955771227
0.0955606965
0.0952245244
0.0948398805
0.0950251560
0.0952574569
0.0947559051
0.0945892619
0.0939850151
0.0934144613
0.0930131374
0.0927629699
0.0926122562
0.0921763052
0.0915567121
0.0910875524
0.0910538743
0.0902675579
0.0899819403
0.0897491844
0.0890116590
0.0884090713
0.0882414896
0.0879063547
0.0868677893
0.0870191349
0.0866682009
0.0863157490
0.0864159532
0.0866348128
0.0865322495
0.0864672282
0.0862301872
0.0863317283
0.0859466332
0.0857635441
0.0859118902
0.0856442869
0.0854097784
0.0855603502
0.0853929217
0.0848238750
0.0848413172
0.0852611236
0.0847915072
0.0844890115
0.0844564968
0.0842218600
0.0838187606
0.0835511447
0.0834333466
0.0832165554
0.0831495007
0.0831493153
0.0824295336
0.0818074336
0.0815572681
0.0813063260
0.0809533184
0.0802685701
0.0801676736
0.0793308099
0.0786434131
0.0780899880
0.0771850558
0.0772015655
0.0765490556
0.0758790683
0.0750243615
0.0740013594
0.0727980347
0.0717753326
0.0710713529
0.0700840955
0.0695824155
0.0688095813
0.0670684162
0.0658469492
0.0644562710
0.0633993100
0.0623957689
0.0616922401
0.0609876696
0.0596162312
0.0581077820
0.0573038894
0.0557461106
0.0545898115
0.0527315984
0.0518448269
0.0503701201
0.0491966513
0.0477910690
0.0461330696
0.0448082997
0.0433343236
0.0421280763
0.0411903224
0.0401520710
0.0389951966
0.0378907594
0.0366347202
0.0354123726
0.0345409725
0.0337036891
0.0327492092
0.0322969005
0.0313419992
0.0305202683
0.0297833755
0.0289471444
0.0281070238
0.0270698417
0.0269016854
0.0263151835
0.0262141158
0.0259135535
0.0251924642
0.0245911572
0.0242733003
0.0239227950
0.0231861677
0.0229015767
0.0224155350
0.0223815338
0.0218949473
0.0216103342
0.0216274866
0.0207553322
0.0205190452
0.0204864206
0.0204030396
0.0198500789
0.0193821101
0.0185938962
0.0179745961
0.0176899937
0.0171021739
0.0161653253
0.0155291571
0.0149429735
0.0146596727
0.0143236352
0.0134022987
0.0126814644
0.0124288068
0.0125472795
0.0122285739
0.0120446025
0.0118264846
0.0115754462
0.0115081740
0.0112070120
0.0115925794
0.0112225558
0.0108219379
0.0107384758
0.0108062684
0.0105382265
0.0104022882
0.0110225836
0.0107543974
0.0110056183
0.0110400435
0.0109386912
0.0109556803
0.0108568363
0.0108228487
0.0113757852
0.0113240567
0.0112562321
0.0112070308
0.0112407306
0.0109076405
0.0104715695
0.0104366861
0.0104030042
0.0100162738
0.0100848315
0.0097669902
0.0091966154
0.0084927865
0.0082430715
0.0079067359
0.0074882419
0.0069012993
0.0058985517
0.0047579041
0.0036032509
0.0025813623
0.0012072679
0.0000515573
-0.0008379922
-0.0017762182
-0.0028476829
-0.0039527236
-0.0046392492
-0.0059285444
-0.0067336352
-0.0073870178
-0.0078553231
-0.0089779144
-0.0092478877
-0.0096501271
-0.0099020997
-0.0104368457
-0.0100183795
-0.0093334301
-0.0090500303
-0.0084446299
-0.0080252383
-0.0073710658
-0.0070338298
-0.0061126579
-0.0049576426
-0.0040864398
-0.0026446395
-0.0009364234
0.0001184827
0.0011759212
0.0027997984
0.0044752435
0.0049588677
0.0061655398
0.0073726945
0.0083117592
0.0093329945
0.0100857669
0.0108891476
0.0113752087
0.0121465454
0.0129323918
0.0130662733
0.0129320762
0.0129168615
0.0124627779
0.0119445238
0.0110066808
0.0107396424
0.0099342710
0.0083952656
0.0075734914
0.0063835007
0.0052956618
0.0038197179
0.0027306486
0.0008736062
-0.0006184225
-0.0019594314
-0.0034494271
-0.0050088239
-0.0067511886
-0.0083098690
-0.0096321196
-0.0116928909
-0.0128639818
-0.0146904435
-0.0158632946
-0.0171522793
-0.0183750665
-0.0196142921
-0.0209043053
-0.0215419309
-0.0225467958
-0.0233507927
-0.0234015925
-0.0235356377
-0.0236012608
-0.0237328948
];
