avg = [
-0.0737402703
-0.0734586431
-0.0733662417
-0.0731315516
-0.0730326498
-0.0723585630
-0.0724701573
-0.0718843804
-0.0710950850
-0.0703623553
-0.0697009530
-0.0683303649
-0.0673906789
-0.0663777933
-0.0650942395
-0.0635631314
-0.0616373941
-0.0596004942
-0.0573574762
-0.0556027920
-0.0534801309
-0.0513521465
-0.0490422466
-0.0465480875
-0.0441205723
-0.0414515805
-0.0389448737
-0.0359798068
-0.0327133492
-0.0299398426
-0.0269011993
-0.0234581879
-0.0204097073
-0.0167888433
-0.0134415704
-0.0100567604
-0.0068499175
-0.0030977408
0.0005219428
0.0040589421
0.0075634368
0.0112761940
0.0147878925
0.0183376911
0.0216496178
0.0254769899
0.0288286609
0.0320975356
0.0355774622
0.0388862274
0.0422111234
0.0451028602
0.0484751500
0.0514849434
0.0539713253
0.0564698624
0.0590223640
0.0610071548
0.0632313870
0.0658410975
0.0677033096
0.0693564234
0.0712498259
0.0727559515
0.0743504192
0.0756176629
0.0771086208
0.0779909031
0.0794806937
0.0801859873
0.0806100736
0.0808700528
0.0815031521
0.0818458489
0.0820636743
0.0819784707
0.0820698374
0.0822878356
0.0824408318
0.0822892678
0.0819137979
0.0821615228
0.0824395077
0.0828630421
0.0830052491
0.0834567696
0.0843691886
0.0843465074
0.0851232352
0.0863701290
0.0872755960
0.0885916439
0.0899340669
0.0915367602
0.0935637095
0.0957029602
0.0982056325
0.1012642654
0.1043941473
0.1075865697
0.1111457492
0.1152002056
0.1186351104
0.1225683183
0.1265406265
0.1305510514
0.1346414288
0.1391739831
0.1437046256
0.1480769263
0.1520788044
0.1564420550
0.1609764536
0.1654861736
0.1697704464
0.1737837259
0.1778649049
0.1815848966
0.1850070817
0.1885580651
0.1917986691
0.1949512354
0.1978697054
0.2006522866
0.2026985434
0.2048920485
0.2065239257
0.2078558185
0.2085953166
0.2095510618
0.2094995015
0.2096092480
0.2088352343
0.2078844017
0.2063387218
0.2042974695
0.2024580298
0.1998843216
0.1970819840
0.1941128609
0.1904181294
0.1866908992
0.1822933317
0.1782905866
0.1737495115
0.1688596137
0.1638999309
0.1590704841
0.1540785922
0.1492994111
0.1442583425
0.1392760130
0.1347983435
0.1301011239
0.1254224777
0.1209505856
0.1168427088
0.1124097966
0.1081253699
0.1043815757
0.1003617851
0.0970260246
0.0937298122
0.0907103807
0.0873614746
0.0846272380
0.0818502505
0.0789915795
0.0763472705
0.0741632952
0.0720140939
0.0701131808
0.0685844053
0.0673172997
0.0655839694
0.0641582684
0.0626960019
0.0611638999
0.0602915722
0.0594958039
0.0585861058
0.0574411705
0.0564451241
0.0559673448
0.0551641727
0.0547780610
0.0544210968
0.0539981554
0.0535099826
0.0533890095
0.0527622344
0.0522215342
0.0514644127
0.0509981673
0.0502683437
0.0495616453
0.0487167335
0.0479734909
0.0470967223
0.0465385439
0.0454016539
0.0448134173
0.0438379230
0.0431209405
0.0420806226
0.0408500312
0.0393306575
0.0381728254
0.0369012588
0.0354873725
0.0341694794
0.0331785262
0.0316699537
0.0302174997
0.0286778888
0.0274782462
0.0260868638
0.0248775074
0.0230686585
0.0219215423
0.0202804598
0.0189966162
0.0175249968
0.0161069069
0.0148821121
0.0136847509
0.0126704154
0.0112656221
0.0102446377
0.0090588336
0.0079092270
0.0067681706
0.0057812589
0.0047039988
0.0036010242
0.0028508513
0.0019163167
0.0006902539
-0.0006120853
-0.0012528492
-0.0019106394
-0.0024802351
-0.0029102679
-0.0035559014
-0.0044582328
-0.0051102577
-0.0053414918
-0.0062397552
-0.0067839704
-0.0074284715
-0.0081118135
-0.0089040035
-0.0093925952
-0.0099672594
-0.0106123404
-0.0113854943
-0.0117873830
-0.0126238534
-0.0132382149
-0.0140962091
-0.0146347889
-0.0156909795
-0.0164769441
-0.0169180995
-0.0181278693
-0.0187491282
-0.0194751952
-0.0201321427
-0.0207038869
-0.0213521608
-0.0217639808
-0.0222546138
-0.0229240971
-0.0234085309
-0.0236944975
-0.0239369911
-0.0243398649
-0.0245388093
-0.0246555555
-0.0252051089
-0.0250106413
-0.0246404372
-0.0245998199
-0.0242534190
-0.0236497462
-0.0234349785
-0.0232387825
-0.0226560392
-0.0220565742
-0.0217456492
-0.0212399903
-0.0203835598
-0.0195722108
-0.0189337329
-0.0181749011
-0.0178665810
-0.0171388973
-0.0165807072
-0.0160229685
-0.0156348290
-0.0155376434
-0.0150315652
-0.0149015148
-0.0148123131
-0.0148218314
-0.0147840179
-0.0147173382
-0.0150411049
-0.0150462649
-0.0161228357
-0.0158905609
-0.0165219684
-0.0172491828
-0.0175935985
-0.0184703543
-0.0190417165
-0.0195362002
-0.0200265775
-0.0205332576
-0.0214606857
-0.0221299241
-0.0231954677
-0.0240423627
-0.0245661928
-0.0253723868
-0.0264033281
-0.0273353692
-0.0281333255
-0.0289968151
-0.0293682251
-0.0302742904
-0.0308301851
-0.0312838630
-0.0317231024
-0.0320050491
-0.0327095962
-0.0335628189
-0.0338939664
-0.0341913374
-0.0347776820
-0.0352104475
-0.0356149164
-0.0364371167
-0.0369350992
-0.0371998344
-0.0375930457
-0.0379315388
-0.0381995884
-0.0382508142
-0.0385604495
-0.0391095460
-0.0392973451
-0.0397144062
-0.0396152251
-0.0400982081
-0.0407870312
-0.0404505546
-0.0412785388
-0.0410383524
-0.0413986184
-0.0413816211
-0.0419529315
-0.0422719461
-0.0427429535
-0.0429431791
-0.0435325669
-0.0435973611
-0.0444576806
-0.0446583140
-0.0447924040
-0.0453715026
-0.0452235385
-0.0453309250
-0.0457488400
-0.0458225989
-0.0459409787
-0.0459142661
-0.0455995804
-0.0455193275
-0.0458777592
-0.0457885537
-0.0458452643
-0.0457202734
-0.0459829796
-0.0454685324
-0.0455323300
-0.0454216044
-0.0448325287
-0.0445830994
-0.0445289841
-0.0444891343
-0.0445874426
-0.0441519415
-0.0443430330
-0.0448646963
-0.0453027711
-0.0453149349
-0.0456635263
-0.0462360239
-0.0462423715
-0.0464558699
-0.0466608290
-0.0467233347
-0.0470053987
-0.0478701845
-0.0480091796
-0.0481118077
-0.0488783025
-0.0495121327
-0.0500056514
-0.0501023697
-0.0513040821
-0.0515237751
-0.0519864297
-0.0528541115
-0.0528157306
-0.0536428194
-0.0540873983
-0.0545631775
-0.0545562302
-0.0549676338
-0.0555727442
-0.0557827728
-0.0558781790
-0.0567600159
-0.0575155558
-0.0578541643
-0.0579403579
-0.0587143422
-0.0590802605
-0.0594919351
-0.0599821597
-0.0605149499
-0.0604463646
-0.0610308624
];
