avg = [
-0.0501367221
-0.0497885324
-0.0499802687
-0.0496300198
-0.0494376400
-0.0491664980
-0.0486228783
-0.0481616733
-0.0471897753
-0.0471497057
-0.0465677132
-0.0459853545
-0.0452866178
-0.0441236304
-0.0436963824
-0.0438497580
-0.0439664896
-0.0429569356
-0.0420257498
-0.0420664783
-0.0414057713
-0.0416005744
-0.0418330266
-0.0418716964
-0.0419500964
-0.0422592365
-0.0425728371
-0.0435423719
-0.0430760812
-0.0429962713
-0.0433064424
-0.0432308142
-0.0435033286
-0.0431924819
-0.0428812943
-0.0438480678
-0.0437713899
-0.0444704383
-0.0444341379
-0.0446659524
-0.0443177894
-0.0434649559
-0.0431928335
-0.0427245042
-0.0433455386
-0.0428028994
-0.0428822884
-0.0429192995
-0.0424170968
-0.0431155135
-0.0433492964
-0.0423003309
-0.0416026030
-0.0415245917
-0.0407868113
-0.0394653466
-0.0391178410
-0.0383403486
-0.0365557173
-0.0361281191
-0.0351986111
-0.0334533421
-0.0310092725
-0.0295330845
-0.0268945975
-0.0238261070
-0.0211472281
-0.0187429047
-0.0147469678
-0.0116795703
-0.0088870043
-0.0039575091
0.0008138306
0.0042307762
0.0089247398
0.0149781800
0.0198692776
0.0252996381
0.0321685180
0.0388409209
0.0445454579
0.0525023627
0.0598389045
0.0663568951
0.0737694101
0.0825373379
0.0899878878
0.0977897114
0.1068694964
0.1150574606
0.1230530250
0.1316309227
0.1402036938
0.1477706430
0.1553396510
0.1636457155
0.1706693798
0.1770340235
0.1846396108
0.1916228698
0.1977156758
0.2040419212
0.2097465123
0.2146728785
0.2194452728
0.2231703728
0.2265828975
0.2290289734
0.2313583170
0.2324856779
0.2339927014
0.2341515636
0.2334901173
0.2332186547
0.2311604653
0.2289505787
0.2258444611
0.2227793993
0.2195208996
0.2149817297
0.2110238108
0.2059389062
0.1994551349
0.1942216192
0.1888621687
0.1819552681
0.1760600028
0.1696550010
0.1615056873
0.1540918007
0.1479623560
0.1407035484
0.1337583146
0.1268126929
0.1210293966
0.1140051191
0.1075644829
0.1022063571
0.0961950512
0.0900625873
0.0848656730
0.0808663639
0.0754360071
0.0713607178
0.0676749888
0.0634072134
0.0606143482
0.0577457990
0.0559607997
0.0540210268
0.0521196077
0.0504513317
0.0489381453
0.0466865442
0.0459491283
0.0450148814
0.0445502916
0.0446676916
0.0442414783
0.0441620468
0.0442770698
0.0447820307
0.0449005119
0.0449402354
0.0462959390
0.0466081440
0.0472675164
0.0479666241
0.0481987084
0.0487823870
0.0497128965
0.0506437323
0.0511877281
0.0514595616
0.0518875041
0.0516139437
0.0516519675
0.0515745880
0.0508789591
0.0499884975
0.0490939455
0.0480039275
0.0462226660
0.0454451630
0.0439707084
0.0422263939
0.0412935164
0.0397827349
0.0375307732
0.0351602899
0.0337676178
0.0312424774
0.0285649862
0.0266259047
0.0241024655
0.0219288668
0.0194861886
0.0171582268
0.0148655082
0.0126549638
0.0098220217
0.0078038584
0.0062900130
0.0040411161
0.0020609840
0.0010133580
-0.0006573097
-0.0023649549
-0.0029455984
-0.0046141933
-0.0060113288
-0.0062824344
-0.0080691614
-0.0089600096
-0.0093088030
-0.0101225248
-0.0112101725
-0.0118288318
-0.0126097651
-0.0137333274
-0.0140044865
-0.0139260893
-0.0149746958
-0.0151681125
-0.0157908989
-0.0161801226
-0.0169147939
-0.0175354918
-0.0181184911
-0.0193612365
-0.0194372571
-0.0195142427
-0.0197490732
-0.0206809461
-0.0206022255
-0.0208339617
-0.0213399761
-0.0220777463
-0.0217672365
-0.0222725389
-0.0224645883
-0.0218825960
-0.0227405322
-0.0233588309
-0.0232041043
-0.0237062611
-0.0241732738
-0.0245598030
-0.0246748073
-0.0252609197
-0.0256494589
-0.0258049401
-0.0257258284
-0.0262677498
-0.0270828912
-0.0268871058
-0.0272777371
-0.0277425955
-0.0280120606
-0.0287515012
-0.0294109055
-0.0299165191
-0.0303818333
-0.0308073317
-0.0313913960
-0.0317032662
-0.0317412650
-0.0326323612
-0.0322047918
-0.0326327614
-0.0338744461
-0.0336419712
-0.0347289260
-0.0356601448
-0.0359702643
-0.0358545750
-0.0365526390
-0.0367077365
-0.0371743191
-0.0380288092
-0.0381821713
-0.0385327272
-0.0390380750
-0.0394232086
-0.0400052247
-0.0403961409
-0.0415201005
-0.0412876365
-0.0416751788
-0.0415204347
-0.0417545893
-0.0419463353
-0.0416755215
-0.0417142166
-0.0415594601
-0.0423756588
-0.0423746261
-0.0429949622
-0.0423739094
-0.0429192912
-0.0428402022
-0.0424530048
-0.0426443338
-0.0433834815
-0.0436156672
-0.0430747319
-0.0431897191
-0.0429569368
-0.0429182337
-0.0431883653
-0.0436163210
-0.0429562210
-0.0426871580
-0.0426084041
-0.0421028243
-0.0428018435
-0.0433078642
-0.0430740405
-0.0428412570
-0.0434615566
-0.0430733609
-0.0433075140
-0.0428015169
-0.0422575178
-0.0422595812
-0.0433434390
-0.0446234930
-0.0444694173
-0.0445088385
-0.0446252138
-0.0443537235
-0.0446279353
-0.0454783129
-0.0455964347
-0.0460244087
-0.0457128728
-0.0461391128
-0.0461781489
-0.0467614398
-0.0472664496
-0.0479254800
-0.0480418912
-0.0492448957
-0.0497094414
-0.0497882031
-0.0503322205
-0.0510696466
-0.0507190540
-0.0512257211
-0.0518463727
-0.0520388012
-0.0521931683
-0.0524656839
-0.0529299405
-0.0528138571
-0.0535515764
-0.0539408699
-0.0542123563
];
