avg = [
-0.0101418999
-0.0097553697
-0.0097039742
-0.0094010469
-0.0092325643
-0.0089150391
-0.0081597513
-0.0077712585
-0.0078720210
-0.0074675042
-0.0074523230
-0.0071466299
-0.0070596430
-0.0070074234
-0.0066070194
-0.0061980578
-0.0057763770
-0.0050015335
-0.0055435898
-0.0046833831
-0.0047922175
-0.0044804520
-0.0047402924
-0.0043512065
-0.0044334918
-0.0042970728
-0.0040082169
-0.0042995431
-0.0047759190
-0.0054168374
-0.0058465159
-0.0058185991
-0.0063286803
-0.0069723368
-0.0066039962
-0.0067064115
-0.0067398434
-0.0064153866
-0.0066622431
-0.0064200816
-0.0064681055
-0.0047778177
-0.0042890460
-0.0028017598
-0.0006373314
0.0010846889
0.0031033156
0.0064143130
0.0107270978
0.0138655178
0.0181145277
0.0250275043
0.0309709761
0.0359158880
0.0445865606
0.0532395126
0.0602831599
0.0703099128
0.0813659233
0.0904778397
0.1007211118
0.1132425999
0.1248434168
0.1352816805
0.1489152324
0.1617067546
0.1732261350
0.1861913777
0.1997254795
0.2117269825
0.2244213514
0.2386212253
0.2508988883
0.2619148406
0.2746787900
0.2860344044
0.2960683711
0.3062335062
0.3156351076
0.3241182887
0.3317522900
0.3385148000
0.3448467936
0.3497359146
0.3541376774
0.3570300009
0.3592062915
0.3607325204
0.3604669050
0.3598977559
0.3586492987
0.3554109697
0.3514167988
0.3482367381
0.3422908073
0.3357470101
0.3291985213
0.3215059506
0.3120985529
0.3037548468
0.2950728933
0.2841659942
0.2741411286
0.2647072297
0.2531011564
0.2418993405
0.2318317025
0.2207441765
0.2090144156
0.1984728978
0.1885811182
0.1770175855
0.1661841923
0.1569587571
0.1464903925
0.1369559592
0.1284592774
0.1204938910
0.1112425160
0.1039166750
0.0972679755
0.0902823326
0.0841085922
0.0787936544
0.0738152930
0.0691316308
0.0651504377
0.0617676580
0.0583454028
0.0555395408
0.0530550721
0.0520101089
0.0507887604
0.0500710410
0.0499326997
0.0500439657
0.0501069366
0.0511639869
0.0524116569
0.0528385544
0.0542002297
0.0563237854
0.0577332158
0.0590424237
0.0614081489
0.0633094282
0.0651313964
0.0672927428
0.0697606760
0.0714435213
0.0733588243
0.0761893087
0.0777186115
0.0785964772
0.0805841773
0.0815161106
0.0823155837
0.0839312791
0.0850289811
0.0851292131
0.0862188899
0.0865181930
0.0862937022
0.0862478617
0.0862218881
0.0856933601
0.0860244332
0.0851860783
0.0853631206
0.0845078867
0.0840953243
0.0825212747
0.0810293051
0.0796410897
0.0780900235
0.0765933118
0.0744694845
0.0727811445
0.0709146823
0.0689242466
0.0670939575
0.0650126662
0.0633397687
0.0614321551
0.0593928408
0.0574717024
0.0556027637
0.0540149479
0.0523544860
0.0506214154
0.0492862684
0.0480223343
0.0461707787
0.0446204741
0.0436697406
0.0420286116
0.0411145677
0.0402969222
0.0391923181
0.0382225400
0.0375890348
0.0367929306
0.0362104940
0.0358570426
0.0360525939
0.0363872376
0.0364350060
0.0366195043
0.0369453435
0.0367597509
0.0371960798
0.0373849627
0.0372361388
0.0371974884
0.0375523054
0.0380162562
0.0384260324
0.0390854922
0.0400000877
0.0413263684
0.0420532221
0.0431348407
0.0437268897
0.0447486464
0.0451178317
0.0456209377
0.0456499368
0.0460346475
0.0459703200
0.0462795801
0.0463535905
0.0468208147
0.0473568259
0.0471853228
0.0481250589
0.0480814506
0.0483335382
0.0480002738
0.0472844587
0.0474471051
0.0471988733
0.0467012619
0.0464847393
0.0467586576
0.0457833534
0.0451059887
0.0450399797
0.0444865915
0.0434999182
0.0429846299
0.0425436321
0.0413551083
0.0405609163
0.0392705054
0.0383741204
0.0374300132
0.0366584521
0.0356833847
0.0348714919
0.0338456057
0.0328338669
0.0317496854
0.0305849093
0.0300190995
0.0290097997
0.0278955528
0.0270480469
0.0256935765
0.0240925080
0.0233295266
0.0218938575
0.0210703901
0.0199240955
0.0193599201
0.0188021463
0.0175873917
0.0172333832
0.0162301279
0.0154544551
0.0146486611
0.0143175495
0.0132811699
0.0127067773
0.0122196970
0.0116317756
0.0107616517
0.0098094684
0.0097978986
0.0085823005
0.0081636673
0.0073382630
0.0068489504
0.0057299974
0.0050357922
0.0043056668
0.0028506483
0.0019749804
0.0015088648
0.0002043765
-0.0009784000
-0.0017352617
-0.0023347496
-0.0029309479
-0.0033893526
-0.0039469116
-0.0044718704
-0.0051210717
-0.0050804890
-0.0061149137
-0.0062331175
-0.0060486698
-0.0056565493
-0.0056774662
-0.0052798476
-0.0048684494
-0.0049236385
-0.0051658651
-0.0049509720
-0.0047562704
-0.0049219730
-0.0045370339
-0.0048871822
-0.0056421652
-0.0058175229
-0.0059205052
-0.0069085433
-0.0075983459
-0.0073854575
-0.0075817971
-0.0075094794
-0.0077118416
-0.0081213924
-0.0082094742
-0.0083517085
];
