avg_array = [
-0.0028295974
-0.0027850261
-0.0027774999
-0.0026678783
-0.0025365642
-0.0025292878
-0.0024623188
-0.0023087700
-0.0023381170
-0.0024991549
-0.0024958281
-0.0024438396
-0.0025051673
-0.0024427295
-0.0022745395
-0.0022521623
-0.0022049148
-0.0020138718
-0.0019545650
-0.0020151980
-0.0019384471
-0.0017445837
-0.0015169252
-0.0012552651
-0.0010141529
-0.0007684337
-0.0005037014
-0.0003242509
-0.0001573901
0.0002148265
0.0007935884
0.0012655606
0.0015057299
0.0018550678
0.0024008016
0.0028954521
0.0033551897
0.0038216530
0.0042377978
0.0046112424
0.0049136182
0.0052146386
0.0055490537
0.0058056219
0.0060118871
0.0062377114
0.0064640177
0.0066809201
0.0068452483
0.0070251013
0.0074792661
0.0080823220
0.0083265410
0.0083023457
0.0084980463
0.0087215257
0.0086314034
0.0084109502
0.0081838063
0.0080742509
0.0082683994
0.0085232942
0.0085997422
0.0086724229
0.0089432962
0.0093557003
0.0096417183
0.0096895887
0.0097189678
0.0099176073
0.0103182136
0.0108070252
0.0110843341
0.0111024492
0.0111237403
0.0112226274
0.0113802897
0.0116328287
0.0118684545
0.0119455069
0.0117964520
0.0116873685
0.0120112972
0.0123595015
0.0123482168
0.0123739072
0.0124971907
0.0125032134
0.0123898857
0.0121391842
0.0119272793
0.0118984546
0.0118674226
0.0117801350
0.0118534422
0.0121085485
0.0122496621
0.0122680008
0.0124724098
0.0126946215
0.0126245218
0.0125363054
0.0126522903
0.0127730890
0.0127374404
0.0124966785
0.0121352656
0.0118635820
0.0117489997
0.0116942601
0.0115986991
0.0114363000
0.0113120490
0.0113105785
0.0113017244
0.0111606919
0.0109408364
0.0108016560
0.0107948457
0.0107159606
0.0105595242
0.0105065665
0.0104440662
0.0102807760
0.0100223228
0.0096252936
0.0093143340
0.0092206137
0.0090340351
0.0086410085
0.0083027963
0.0080975328
0.0079062577
0.0076978691
0.0074298295
0.0070319075
0.0066496050
0.0065023739
0.0064373696
0.0062983929
0.0062224718
0.0061365262
0.0059553886
0.0057936652
0.0057124560
0.0057526731
0.0057974904
0.0057110235
0.0055899065
0.0054919028
0.0054236832
0.0054378960
0.0054097487
0.0052455312
0.0051330216
0.0050788344
0.0048967584
0.0047819731
0.0050085603
0.0053641965
0.0055024543
0.0054247103
0.0053691842
0.0054314484
0.0054999857
0.0054095704
0.0050850479
0.0047601562
0.0046147943
0.0044081605
0.0040163841
0.0036241087
0.0032855305
0.0030834332
0.0031219852
0.0030883988
0.0028479676
0.0027379413
0.0028344320
0.0029172302
0.0029363979
0.0029537647
0.0028391535
0.0025409305
0.0022509017
0.0020179905
0.0018241931
0.0017365801
0.0016718908
0.0015283138
0.0013596663
0.0011152844
0.0008437918
0.0008121332
0.0010243018
0.0012973044
0.0015351010
0.0018081828
0.0021953440
0.0025605942
0.0027742523
0.0027587770
0.0025550244
0.0023514843
0.0022151511
0.0021466218
0.0020580474
0.0017895303
0.0014615169
0.0013208103
0.0013199881
0.0012787759
0.0011390875
0.0010178080
0.0011574811
0.0014799091
0.0016470186
0.0016666717
0.0017445221
0.0018671196
0.0018978369
0.0018405332
0.0018449285
0.0019776183
0.0021384814
0.0022243425
0.0022139368
0.0021990611
0.0022877748
0.0022923811
0.0020940108
0.0019633454
0.0019850762
0.0019889549
0.0019087684
0.0017349753
0.0014307251
0.0010900070
0.0008855503
0.0007851767
0.0006789685
0.0005836097
0.0006920448
0.0010198879
0.0011833760
0.0011805832
0.0012698427
0.0012445322
0.0011071474
0.0011574946
0.0012222355
0.0011262632
0.0010777232
0.0010313425
0.0008034143
0.0005264917
0.0002387898
-0.0000789555
-0.0002441729
-0.0003141592
-0.0004702998
-0.0006013533
-0.0005341853
-0.0003499968
-0.0002764634
-0.0003718542
-0.0005725473
-0.0008295021
-0.0010147505
-0.0010803407
-0.0011351050
-0.0011504262
-0.0011449659
-0.0013655922
-0.0017138556
-0.0019066621
-0.0021228720
-0.0024742839
-0.0027456474
-0.0029273327
-0.0030076941
-0.0029483552
-0.0030065679
-0.0031571365
-0.0030540093
-0.0028029833
-0.0027397745
-0.0028407296
-0.0028992166
-0.0028832063
-0.0029380372
-0.0030837013
-0.0031656129
-0.0032203868
-0.0033579081
-0.0035398218
-0.0037643280
-0.0039141095
-0.0038692100
-0.0038463033
-0.0039343535
-0.0039351992
-0.0038935861
-0.0040089054
-0.0041959183
-0.0043445873
-0.0045737365
-0.0048122725
-0.0049905707
-0.0053825206
-0.0059442930
-0.0062647867
-0.0063670570
-0.0066790093
-0.0073601572
-0.0080933837
-0.0085907367
-0.0088683535
-0.0089235538
];
