avg_array = [
-0.0184138916
-0.0183991743
-0.0182223009
-0.0180912706
-0.0181336978
-0.0182131946
-0.0181096958
-0.0179031054
-0.0177849106
-0.0177619934
-0.0176581021
-0.0173688756
-0.0171118256
-0.0170146391
-0.0168821791
-0.0166287872
-0.0162241206
-0.0156233336
-0.0151032866
-0.0148790558
-0.0146557120
-0.0141480322
-0.0135091918
-0.0130112528
-0.0125928062
-0.0120063674
-0.0114928651
-0.0114431812
-0.0115712937
-0.0115782712
-0.0116008257
-0.0115735583
-0.0113105934
-0.0108852841
-0.0105980068
-0.0105960262
-0.0105453189
-0.0102081593
-0.0099369670
-0.0100781237
-0.0103293590
-0.0101734092
-0.0096861595
-0.0092918449
-0.0090316072
-0.0086831459
-0.0082490063
-0.0078240683
-0.0073758071
-0.0069315558
-0.0065609470
-0.0061584349
-0.0055555476
-0.0048630086
-0.0042817928
-0.0037070424
-0.0030923452
-0.0025693927
-0.0020776077
-0.0015820152
-0.0011634759
-0.0007234024
-0.0001300803
0.0004872406
0.0009241833
0.0013014591
0.0018095810
0.0023049626
0.0026723573
0.0029658636
0.0032312704
0.0037199174
0.0045437491
0.0052875766
0.0057750023
0.0063300353
0.0070139256
0.0076377882
0.0082289447
0.0088482857
0.0094617360
0.0101126963
0.0108251405
0.0115602883
0.0123186902
0.0130022947
0.0135407101
0.0141450258
0.0149176552
0.0156457799
0.0162618357
0.0169246791
0.0176938874
0.0185119585
0.0193445408
0.0200995716
0.0206335951
0.0211699240
0.0220566132
0.0230378204
0.0238324972
0.0246737532
0.0256040797
0.0264127160
0.0271702102
0.0279931758
0.0287354177
0.0293223213
0.0299160236
0.0305761685
0.0311483577
0.0316569986
0.0323306504
0.0331467602
0.0340039835
0.0349168413
0.0357517599
0.0364684077
0.0372056908
0.0378646714
0.0383495730
0.0389263549
0.0396528526
0.0402015132
0.0406396801
0.0412697675
0.0419924633
0.0426882341
0.0434107147
0.0441293522
0.0447289791
0.0451768610
0.0456163137
0.0460165922
0.0462610878
0.0465325982
0.0468517613
0.0469830591
0.0470068404
0.0472203210
0.0476242124
0.0478781355
0.0479363186
0.0481689019
0.0484173875
0.0482921416
0.0481648344
0.0484034045
0.0486894564
0.0486646523
0.0485071965
0.0485257281
0.0484665414
0.0481192927
0.0479182425
0.0480864863
0.0481835787
0.0479989712
0.0478009362
0.0475660144
0.0471780726
0.0468170437
0.0465962385
0.0464363637
0.0461215074
0.0456593826
0.0453147654
0.0450904401
0.0448732500
0.0445514223
0.0440986960
0.0438626938
0.0438072249
0.0433780879
0.0426918506
0.0422342666
0.0418433991
0.0413130477
0.0409218679
0.0406931029
0.0402485803
0.0395662159
0.0389934218
0.0385607277
0.0380915402
0.0376464542
0.0371722279
0.0366120261
0.0361712683
0.0356882292
0.0349003923
0.0341169120
0.0336731624
0.0333452509
0.0326756285
0.0317394555
0.0309804049
0.0303693764
0.0296479070
0.0288626413
0.0281057595
0.0273572832
0.0265979805
0.0258344945
0.0251463453
0.0245297292
0.0238450701
0.0231782909
0.0227192182
0.0222131346
0.0214015427
0.0207871895
0.0206883515
0.0205150552
0.0200607032
0.0197055749
0.0194557436
0.0191486984
0.0187885394
0.0183785011
0.0178851278
0.0173366511
0.0168064004
0.0164306019
0.0163065288
0.0162366214
0.0160563848
0.0158567423
0.0156497197
0.0154196059
0.0152033326
0.0149346560
0.0146857231
0.0146431542
0.0146614758
0.0145736943
0.0144908318
0.0144502773
0.0144435015
0.0144355036
0.0142990748
0.0140500164
0.0137978381
0.0135822061
0.0133653871
0.0131409844
0.0129753238
0.0128146260
0.0125696100
0.0122858078
0.0119229070
0.0113580973
0.0107645587
0.0104571320
0.0103608406
0.0102452051
0.0101151567
0.0098970276
0.0095134485
0.0091701533
0.0089595381
0.0089310119
0.0092270424
0.0095294194
0.0095617733
0.0097372150
0.0102138114
0.0106435832
0.0110187231
0.0114024646
0.0116217848
0.0118214267
0.0121990295
0.0124832555
0.0125326764
0.0126135744
0.0128001150
0.0129451741
0.0130879738
0.0133483352
0.0135627320
0.0135363793
0.0133839558
0.0132438213
0.0132709540
0.0135315688
0.0136761000
0.0134988146
0.0132484743
0.0131068705
0.0130065337
0.0128271594
0.0126002465
0.0124755643
0.0122902752
0.0118235468
0.0114754496
0.0115445272
0.0115957976
0.0113216096
0.0109317373
0.0106049269
0.0102562095
0.0098332555
0.0094494106
0.0091462038
0.0088945634
0.0085692080
0.0080231904
0.0075403238
0.0073327236
0.0071827460
0.0069919872
0.0065995931
0.0060046338
];
