avg_array = [
-0.0296181519
-0.0295451852
-0.0294046609
-0.0293581600
-0.0292321232
-0.0289533368
-0.0287517246
-0.0286539574
-0.0284018151
-0.0282068447
-0.0284451953
-0.0286608240
-0.0284378014
-0.0281136633
-0.0279073650
-0.0277504465
-0.0274620619
-0.0268961349
-0.0263101467
-0.0258695091
-0.0254154658
-0.0250116039
-0.0247934389
-0.0245939866
-0.0241410743
-0.0234190243
-0.0227665491
-0.0223214669
-0.0216886097
-0.0207096884
-0.0196978951
-0.0187264921
-0.0177048042
-0.0166924659
-0.0156915773
-0.0146380297
-0.0134662940
-0.0122111477
-0.0108886493
-0.0093292722
-0.0077439567
-0.0064812058
-0.0051304602
-0.0033860676
-0.0017376631
-0.0003390284
0.0012313924
0.0030977399
0.0049774716
0.0066845225
0.0084005240
0.0103792698
0.0126051715
0.0148734773
0.0171265943
0.0194513324
0.0217406328
0.0238384001
0.0257687313
0.0276253250
0.0294969506
0.0313995928
0.0332651963
0.0350416472
0.0367865502
0.0385730485
0.0403393091
0.0421003538
0.0439854560
0.0457721419
0.0471604775
0.0484696244
0.0500277764
0.0515202626
0.0526756072
0.0536665209
0.0547464678
0.0560339360
0.0573640171
0.0585520556
0.0597792054
0.0611645212
0.0625362907
0.0638109083
0.0650102404
0.0661269412
0.0672196159
0.0683108280
0.0692591311
0.0700421974
0.0708093020
0.0717540721
0.0730260980
0.0743103531
0.0752572950
0.0761108205
0.0770435609
0.0779666702
0.0789351402
0.0799193938
0.0807976431
0.0816251886
0.0824604452
0.0831727609
0.0837589349
0.0844671989
0.0853128886
0.0860377099
0.0864772068
0.0866408780
0.0868107408
0.0872212523
0.0876073440
0.0877976376
0.0880422827
0.0883251789
0.0883364060
0.0880689859
0.0877892786
0.0874690732
0.0868814482
0.0862438553
0.0857648439
0.0851610829
0.0843108073
0.0834053040
0.0825140978
0.0815707395
0.0806109678
0.0796658327
0.0785950241
0.0773822974
0.0761052526
0.0747269275
0.0732623241
0.0718325586
0.0705278195
0.0692412462
0.0678444752
0.0664732617
0.0654410929
0.0647629047
0.0639260395
0.0629050138
0.0622631079
0.0617609852
0.0608820231
0.0599292853
0.0592131293
0.0586151363
0.0580288995
0.0572964280
0.0563767731
0.0555409114
0.0548568142
0.0540843107
0.0532828325
0.0527290949
0.0523071903
0.0517172015
0.0508581692
0.0499484873
0.0493851388
0.0490741247
0.0486653130
0.0482335214
0.0479055499
0.0475944676
0.0471880005
0.0466090725
0.0459365448
0.0453131351
0.0447076670
0.0441176230
0.0436187299
0.0430014591
0.0421436961
0.0412417773
0.0401860851
0.0389122420
0.0378561914
0.0371081410
0.0363069502
0.0354346001
0.0346478138
0.0338158565
0.0328836852
0.0321116870
0.0314927127
0.0307497317
0.0299787622
0.0293794110
0.0289030227
0.0284731951
0.0280411175
0.0276382050
0.0272776222
0.0268381434
0.0264182669
0.0262571843
0.0262177004
0.0260505787
0.0258483815
0.0257468941
0.0256096667
0.0253820981
0.0252390810
0.0250555589
0.0245925589
0.0240695738
0.0237213217
0.0233676604
0.0227966624
0.0222036559
0.0218275002
0.0213691800
0.0206448730
0.0199874356
0.0194702617
0.0189518407
0.0184284629
0.0179222791
0.0175867983
0.0174062091
0.0170905475
0.0167404256
0.0166143981
0.0165153265
0.0163250778
0.0161915846
0.0161476734
0.0161859997
0.0161671900
0.0160025623
0.0158753011
0.0157931432
0.0156585712
0.0155656253
0.0155752817
0.0155526793
0.0153299698
0.0150292812
0.0147112724
0.0141926086
0.0137666704
0.0136778947
0.0134465186
0.0128784995
0.0123760150
0.0121523332
0.0119739441
0.0116036999
0.0111293256
0.0106514671
0.0101546894
0.0096372886
0.0091912090
0.0088465661
0.0084510117
0.0081233877
0.0079613030
0.0077621823
0.0075633652
0.0073088543
0.0067975761
0.0061114745
0.0053568452
0.0047393000
0.0045026933
0.0044664303
0.0042573670
0.0038119945
0.0033105846
0.0028822695
0.0026122451
0.0025071324
0.0023909783
0.0021643358
0.0019930052
0.0019539565
0.0019047371
0.0018327132
0.0016977351
0.0013361947
0.0009842133
0.0008778115
0.0007275571
0.0004389991
0.0001240197
-0.0002930556
-0.0006688919
-0.0008779023
-0.0010310121
-0.0011306788
-0.0012384816
-0.0014162944
-0.0015503317
-0.0016994935
-0.0019003801
-0.0019108935
-0.0018531170
-0.0021196195
-0.0025616180
-0.0029942560
-0.0035628201
-0.0040064481
-0.0041056074
-0.0042435858
-0.0045699306
-0.0048313471
-0.0050078171
-0.0052757580
-0.0056145135
-0.0058475375
-0.0059735488
-0.0060612284
-0.0061135137
-0.0063988770
-0.0070580117
-0.0076270139
-0.0078665621
-0.0080770292
-0.0083688725
-0.0086162020
-0.0088408309
-0.0091531185
-0.0095073377
-0.0097103561
-0.0097911936
-0.0100603938
-0.0104964230
-0.0107544200
-0.0108778292
-0.0111393563
-0.0114984805
-0.0118001218
-0.0120591015
-0.0122308055
-0.0122358447
-0.0122613322
-0.0124277547
-0.0126355390
-0.0128933543
-0.0131938965
-0.0134359250
-0.0135775827
-0.0136270700
-0.0136378698
-0.0136275535
-0.0136008711
-0.0136652788
-0.0138541313
-0.0140607443
-0.0142840627
-0.0146496359
-0.0151663838
-0.0156376795
-0.0158776526
-0.0159610297
-0.0161031178
-0.0163108164
-0.0164190548
-0.0165142734
-0.0167257020
-0.0168242988
-0.0168111583
-0.0169865812
-0.0172606249
-0.0174781169
-0.0177081630
-0.0179263792
-0.0181003111
-0.0182043322
-0.0183123768
-0.0186216566
-0.0190801438
-0.0194879998
-0.0197892447
-0.0201791122
-0.0208502181
-0.0215680369
-0.0221006579
-0.0227248999
-0.0235950590
-0.0242825039
-0.0246389516
-0.0251878849
-0.0260359398
-0.0266225240
-0.0268903650
-0.0273421442
-0.0280364905
-0.0285491926
-0.0287095573
-0.0288284509
-0.0289808420
];
