avg_array = [
-0.0061074026
-0.0060516086
-0.0058191587
-0.0057084409
-0.0056520563
-0.0055204320
-0.0052839425
-0.0048674043
-0.0044430649
-0.0041146946
-0.0037371384
-0.0034016510
-0.0031520931
-0.0027788441
-0.0023516101
-0.0020947493
-0.0019748620
-0.0017377751
-0.0012755460
-0.0007986436
-0.0003852013
0.0000676451
0.0005070567
0.0008736854
0.0012070573
0.0015781775
0.0020788267
0.0025859296
0.0028063634
0.0028285945
0.0030911633
0.0036353870
0.0040547847
0.0041955226
0.0042732456
0.0044469922
0.0046738250
0.0049411209
0.0053053298
0.0056141440
0.0058860509
0.0064787137
0.0070993129
0.0073032875
0.0075824909
0.0081361270
0.0085293704
0.0087046790
0.0087910267
0.0090119092
0.0094488776
0.0097738766
0.0099197462
0.0100607432
0.0101142038
0.0100676159
0.0102414786
0.0107221688
0.0111021334
0.0111284074
0.0111398927
0.0114924813
0.0119180701
0.0120791357
0.0121132237
0.0122710185
0.0126669644
0.0130422935
0.0130539849
0.0129820500
0.0130653642
0.0130922632
0.0131541876
0.0133738759
0.0136283096
0.0138821463
0.0139116361
0.0137219812
0.0138297657
0.0141885313
0.0143522543
0.0143912214
0.0144802727
0.0145749868
0.0147135553
0.0149113448
0.0149977953
0.0149599871
0.0149236680
0.0148635534
0.0148956769
0.0151519755
0.0154104414
0.0155530258
0.0156870722
0.0157535555
0.0157895163
0.0159713003
0.0161774526
0.0163250279
0.0166027794
0.0170166529
0.0173382509
0.0174250748
0.0175176540
0.0178606064
0.0181236880
0.0180800373
0.0180775560
0.0183811361
0.0188350506
0.0190694838
0.0190021207
0.0189295629
0.0189492933
0.0189874996
0.0190098107
0.0189328761
0.0189393030
0.0192077211
0.0194463419
0.0195172583
0.0195579481
0.0195371339
0.0195104082
0.0195997179
0.0197576176
0.0198968200
0.0199208808
0.0199220456
0.0199900372
0.0198185186
0.0194121902
0.0192475579
0.0193537678
0.0194210066
0.0193993213
0.0193089011
0.0191342680
0.0190065086
0.0188879730
0.0186125373
0.0184582947
0.0186044013
0.0185487790
0.0181643634
0.0179953493
0.0181281557
0.0181625417
0.0179237383
0.0175524595
0.0172266886
0.0170067315
0.0168038663
0.0165569705
0.0164246403
0.0164039209
0.0162040822
0.0157410372
0.0152739218
0.0149041914
0.0144365789
0.0139343659
0.0135753566
0.0132299232
0.0128770235
0.0125787544
0.0120876642
0.0114353336
0.0110325187
0.0109353250
0.0109483274
0.0108850096
0.0106813160
0.0105237870
0.0104015276
0.0101341401
0.0098619046
0.0097154278
0.0095379395
0.0093421455
0.0092527007
0.0090517680
0.0086670567
0.0084263359
0.0082842526
0.0080454583
0.0080460682
0.0083227425
0.0083766694
0.0082964724
0.0083786932
0.0084224590
0.0084129125
0.0085718550
0.0087659300
0.0087506417
0.0086799953
0.0086753871
0.0085657569
0.0084568565
0.0084434158
0.0083009441
0.0080710413
0.0079393152
0.0078551296
0.0078040457
0.0077999443
0.0077568851
0.0076333791
0.0074137533
0.0070920982
0.0066616440
0.0062070470
0.0059559607
0.0058661804
0.0056722548
0.0053742406
0.0050728906
0.0047423501
0.0043872351
0.0040673284
0.0038583225
0.0038090498
0.0037539900
0.0034531110
0.0030638278
0.0028520332
0.0027061253
0.0025110773
0.0022963984
0.0020996474
0.0020237014
0.0020287040
0.0020116100
0.0019769109
0.0019091615
0.0018374930
0.0018079073
0.0018007218
0.0017323035
0.0015879723
0.0016080396
0.0017874255
0.0017179003
0.0014375132
0.0013484697
0.0014235838
0.0013966492
0.0012851537
0.0012256553
0.0011946563
0.0012714406
0.0015648899
0.0018046353
0.0016374304
0.0011846051
0.0009500226
0.0010467893
0.0011024799
0.0009955432
0.0009760901
0.0012125327
0.0014622059
0.0014125996
0.0011326518
0.0008335356
0.0007581639
0.0009664662
0.0010599695
0.0008405028
0.0004645305
0.0000559539
-0.0000820423
0.0000703985
-0.0000084702
-0.0003164240
-0.0003756449
-0.0002435040
-0.0001607310
-0.0000964081
-0.0001313850
-0.0002825604
-0.0003281668
-0.0002897117
-0.0003482312
-0.0004326559
-0.0004556226
-0.0004492286
-0.0003933545
-0.0003976701
-0.0005492915
-0.0006189633
-0.0005586551
-0.0005901339
-0.0006672462
-0.0006407503
-0.0005874793
-0.0006018129
-0.0006371506
-0.0006326459
-0.0006398921
-0.0006701160
-0.0005942939
-0.0004264440
-0.0003072642
-0.0002083185
-0.0000906705
0.0000021430
0.0001021547
0.0002110888
0.0003585814
0.0005507311
0.0005078638
0.0000967726
-0.0003259807
-0.0004877161
-0.0006151284
-0.0008982120
-0.0010751687
-0.0010241645
-0.0010225978
-0.0011313862
-0.0011707618
-0.0011347333
-0.0011279426
-0.0012607975
-0.0014659341
-0.0014796078
-0.0013652483
-0.0014071979
-0.0015498965
-0.0017276139
-0.0020837322
-0.0024741905
-0.0027277665
-0.0029792216
-0.0030542349
-0.0027412723
-0.0025159231
-0.0026689723
-0.0027835549
-0.0026463496
-0.0024980614
-0.0025082499
-0.0025192707
-0.0023782263
-0.0022692459
-0.0022658193
-0.0022485834
-0.0023293588
-0.0024712564
-0.0024624819
-0.0023980002
-0.0023386428
-0.0023253716
-0.0024920857
-0.0026061770
-0.0025304882
-0.0025748191
-0.0028022512
-0.0028896400
-0.0027559114
-0.0026350185
-0.0026282157
-0.0027821368
-0.0030601998
-0.0032705043
-0.0034090304
-0.0035229829
-0.0036158718
-0.0037301021
-0.0038398058
-0.0039137586
-0.0039218194
-0.0039320827
-0.0040594322
-0.0042183904
-0.0043122573
-0.0042725137
-0.0040275405
-0.0037781706
-0.0037664653
-0.0038713961
-0.0038440837
-0.0037901505
-0.0039402817
-0.0041098180
-0.0041237379
-0.0041694108
-0.0043624264
-0.0046117732
-0.0047314541
-0.0047732594
-0.0050071450
-0.0051631894
-0.0049583169
-0.0048574838
-0.0050426598
-0.0051049506
-0.0051018970
-0.0054959970
-0.0060526008
-0.0062051832
-0.0061860207
-0.0063467737
-0.0065551298
-0.0066966268
-0.0067052408
-0.0066709683
-0.0068330858
-0.0070524078
-0.0071290933
-0.0072349632
-0.0073134847
-0.0072223777
-0.0072142874
-0.0073273260
-0.0074173231
-0.0075048735
-0.0074834175
-0.0074149279
-0.0074728709
-0.0074766646
-0.0073774415
-0.0073501024
-0.0074085075
-0.0075214431
-0.0075820119
-0.0075787853
-0.0076528760
-0.0076733985
];
