avg_array = [
-0.0141333054
-0.0137787590
-0.0134184536
-0.0132636326
-0.0130710808
-0.0127136197
-0.0124259456
-0.0122749499
-0.0121298299
-0.0119708299
-0.0116177693
-0.0110619679
-0.0106987420
-0.0104896652
-0.0101015765
-0.0097395729
-0.0095690484
-0.0092123375
-0.0085818809
-0.0080103034
-0.0074770203
-0.0067809690
-0.0061024851
-0.0054932026
-0.0048405651
-0.0045183080
-0.0044090951
-0.0037678000
-0.0029517798
-0.0026782578
-0.0024639636
-0.0018362710
-0.0012298781
-0.0008322214
-0.0002846501
0.0004257008
0.0011365833
0.0017361638
0.0018456153
0.0017024414
0.0021407360
0.0028549722
0.0030084751
0.0030446835
0.0034093236
0.0035184524
0.0034974119
0.0039986894
0.0046565865
0.0050443702
0.0055146274
0.0061444439
0.0065133334
0.0067278471
0.0074318910
0.0085391787
0.0092542897
0.0095328899
0.0098614307
0.0102243744
0.0105120928
0.0108067250
0.0112113450
0.0118919492
0.0128648291
0.0139522515
0.0149267629
0.0158848037
0.0170930891
0.0182683354
0.0193445730
0.0206643885
0.0219523154
0.0228717688
0.0237443484
0.0249406443
0.0261684743
0.0269643885
0.0274507643
0.0279360782
0.0284865763
0.0290695868
0.0297048330
0.0303984653
0.0310478084
0.0317002888
0.0325092565
0.0330986926
0.0331559341
0.0333227737
0.0338974698
0.0344785655
0.0350844017
0.0355947020
0.0358403985
0.0361869525
0.0366515457
0.0370978383
0.0376546733
0.0382340413
0.0389284081
0.0397262793
0.0400805614
0.0401920091
0.0407595614
0.0415994271
0.0422483564
0.0427015984
0.0431550458
0.0435869984
0.0438432464
0.0440440567
0.0443054279
0.0446387822
0.0449252854
0.0447826103
0.0443950681
0.0444476349
0.0448175382
0.0449114242
0.0448261416
0.0448520638
0.0447090167
0.0442723329
0.0439630434
0.0437069955
0.0431434227
0.0426903202
0.0425240355
0.0420377949
0.0413652864
0.0411273795
0.0409220383
0.0402465977
0.0397423253
0.0398302123
0.0398266867
0.0395076918
0.0392494327
0.0387776891
0.0380865057
0.0376950804
0.0372977503
0.0366102636
0.0360557289
0.0355592872
0.0348938868
0.0343752427
0.0339474710
0.0333015573
0.0327084485
0.0323395458
0.0319262406
0.0315014859
0.0312408286
0.0309972944
0.0306038300
0.0300362088
0.0293344203
0.0286371739
0.0281030353
0.0277287568
0.0273139331
0.0269066070
0.0266003731
0.0260608653
0.0253631031
0.0248972723
0.0245802043
0.0243084555
0.0240649462
0.0237905328
0.0235163951
0.0232191877
0.0227827045
0.0220881360
0.0212765457
0.0207267985
0.0204565176
0.0200825541
0.0195191527
0.0190736333
0.0187520066
0.0182704932
0.0176288779
0.0169271715
0.0163271019
0.0160454942
0.0159416214
0.0159526495
0.0160783648
0.0159505668
0.0156054138
0.0154796289
0.0153358820
0.0148110871
0.0143048602
0.0141057960
0.0141003500
0.0142400171
0.0142885180
0.0139941582
0.0135229526
0.0132274203
0.0132135911
0.0131967769
0.0127547414
0.0119844346
0.0114544884
0.0112571724
0.0110629662
0.0107893019
0.0104175073
0.0099696329
0.0098165003
0.0099290557
0.0097217682
0.0093037976
0.0091087909
0.0089643604
0.0087486766
0.0086928277
0.0088444287
0.0090294089
0.0092370205
0.0092940175
0.0088808649
0.0084130631
0.0084190287
0.0085431359
0.0084211297
0.0082889346
0.0082751191
0.0083273462
0.0085497181
0.0087980708
0.0088164932
0.0088427835
0.0089765575
0.0089748913
0.0090594043
0.0093819728
0.0095630189
0.0094743493
0.0092356357
0.0088415728
0.0085173649
0.0084621017
0.0083478425
0.0080094376
0.0077833795
0.0077898183
0.0076659001
0.0073893642
0.0074336307
0.0075005158
0.0070594256
0.0067121062
0.0068571620
0.0068540799
0.0065082436
0.0062584591
0.0061249683
0.0058238202
0.0054739380
0.0054121991
0.0054945043
0.0055204762
0.0056899637
0.0059434936
0.0060364382
0.0060968181
0.0062416187
0.0064117636
0.0067041821
0.0069361022
0.0067768588
0.0066524758
0.0069224619
0.0070866899
0.0068860317
0.0065941720
0.0063346081
0.0060857615
0.0057536046
0.0053322561
0.0051962269
0.0055023274
0.0056578450
0.0051977906
0.0044979397
0.0041436659
0.0041240428
0.0040003679
0.0037004896
0.0034138933
0.0031885501
0.0031081095
0.0030517412
0.0027102251
0.0021114590
0.0016182602
0.0014730788
0.0014653116
0.0013677920
0.0012937247
0.0011906634
0.0010138719
0.0010580472
0.0011352787
0.0008831015
0.0006889809
0.0007736262
0.0007372949
0.0004739831
0.0002392277
0.0001788903
0.0002816637
0.0003866985
0.0003130313
0.0001854685
0.0002729782
0.0004266875
0.0002707869
-0.0001761916
-0.0006078573
-0.0008625304
-0.0009310908
-0.0008468798
-0.0008941987
-0.0011473847
-0.0011609419
-0.0011270626
-0.0014299527
-0.0014777612
-0.0011483322
-0.0011763032
-0.0015033822
-0.0015153560
-0.0013496732
-0.0015512434
-0.0019810489
-0.0021991712
-0.0023244485
-0.0025084530
-0.0026457492
-0.0029177445
-0.0033248035
];
