avg_array = [
-0.0168493857
-0.0167537697
-0.0166483925
-0.0164088727
-0.0158723541
-0.0153745520
-0.0149091434
-0.0141756390
-0.0132615298
-0.0123319944
-0.0114712822
-0.0109550363
-0.0106841836
-0.0100597286
-0.0089478313
-0.0077858964
-0.0067666236
-0.0058202747
-0.0051297173
-0.0047069342
-0.0041624203
-0.0035220959
-0.0030184612
-0.0024694096
-0.0019512092
-0.0016992170
-0.0013078635
-0.0005825941
-0.0001076167
-0.0000959978
-0.0001214606
-0.0001152466
-0.0003182770
-0.0005743488
-0.0008211142
-0.0013880464
-0.0021834457
-0.0028283810
-0.0033572008
-0.0039071819
-0.0042823952
-0.0044444041
-0.0048431267
-0.0053940515
-0.0056188668
-0.0058375963
-0.0061183646
-0.0060404772
-0.0059312365
-0.0059603902
-0.0058061321
-0.0057687834
-0.0061318161
-0.0064213303
-0.0064390824
-0.0066259049
-0.0070312141
-0.0072007300
-0.0070915272
-0.0070328138
-0.0069983185
-0.0068716739
-0.0068182013
-0.0067412640
-0.0064818960
-0.0064336442
-0.0065853275
-0.0062986888
-0.0056272144
-0.0049522143
-0.0043245272
-0.0038688448
-0.0035475957
-0.0032147282
-0.0030240502
-0.0029759120
-0.0026593478
-0.0020848230
-0.0018159474
-0.0016937952
-0.0010810179
-0.0003654102
-0.0001789408
-0.0001295121
0.0001090545
0.0001629172
0.0000276227
0.0001184052
0.0003005006
0.0001809646
0.0000200272
0.0001642816
0.0003690016
0.0005997750
0.0010390258
0.0012325023
0.0010549127
0.0010962366
0.0012976833
0.0013482594
0.0013537708
0.0012488324
0.0012081574
0.0016344307
0.0021510691
0.0022598041
0.0023723225
0.0028821077
0.0033299342
0.0036158739
0.0044596690
0.0056439709
0.0061079644
0.0062776131
0.0074268956
0.0090510426
0.0100722329
0.0112306824
0.0132468514
0.0153092505
0.0172939212
0.0198586033
0.0225334381
0.0249131229
0.0276345716
0.0304952513
0.0326862453
0.0350595186
0.0385332910
0.0419823297
0.0447659880
0.0476636799
0.0505250197
0.0529654963
0.0555751099
0.0582920908
0.0606017151
0.0628640589
0.0652942129
0.0675468812
0.0695825862
0.0714201036
0.0728646796
0.0738964758
0.0746789535
0.0753300702
0.0757999227
0.0759408826
0.0756793777
0.0751996719
0.0747025667
0.0738982274
0.0725641151
0.0710328610
0.0695638169
0.0681346350
0.0666097584
0.0649569572
0.0633972459
0.0617246269
0.0594750230
0.0570581206
0.0550316533
0.0531522831
0.0512672667
0.0494360221
0.0475955724
0.0459543297
0.0443571621
0.0424073841
0.0405817713
0.0393611084
0.0384387564
0.0375135930
0.0364728108
0.0352455457
0.0340633225
0.0332292360
0.0327416412
0.0323601026
0.0319173038
0.0315481425
0.0312602786
0.0309584711
0.0308858874
0.0308809253
0.0306441122
0.0306200757
0.0308302589
0.0306153440
0.0300861475
0.0298703750
0.0299048512
0.0298544695
0.0298590118
0.0300677030
0.0302290540
0.0301566264
0.0300039481
0.0298367094
0.0296470567
0.0295196600
0.0293660048
0.0291447047
0.0288766932
0.0283557054
0.0275586035
0.0267201383
0.0259218447
0.0251544859
0.0244619546
0.0238926692
0.0233615678
0.0227030469
0.0219277229
0.0210871978
0.0201727897
0.0192943783
0.0185464487
0.0178746311
0.0173544363
0.0170738603
0.0167211331
0.0161229971
0.0155731997
0.0151437278
0.0147873252
0.0146758020
0.0146256398
0.0142628987
0.0137465567
0.0133984576
0.0131456657
0.0128514123
0.0125867233
0.0123869252
0.0122432454
0.0122060080
0.0121438974
0.0118395907
0.0115093366
0.0114304793
0.0114813178
0.0115366117
0.0114747670
0.0111886498
0.0108024217
0.0104472107
0.0101146693
0.0098173707
0.0097134808
0.0097593543
0.0095962464
0.0092300266
0.0090892113
0.0091608449
0.0091456915
0.0090869638
0.0088650638
0.0083289324
0.0078714772
0.0077820078
0.0078568646
0.0078515283
0.0077341208
0.0075451970
0.0074227238
0.0076057275
0.0078808246
0.0077569966
0.0073595379
0.0071339474
0.0070268129
0.0067945482
0.0067157525
0.0069914557
0.0070788225
0.0069133999
0.0070021199
0.0070048394
0.0066380773
0.0064327983
0.0063585042
0.0060719875
0.0059329326
0.0059718261
0.0056465250
0.0050984098
0.0049164372
0.0051434647
0.0053528338
0.0053618669
0.0053629835
0.0053835843
0.0053479659
0.0053883810
0.0054261060
0.0052758167
0.0052391166
0.0053441285
0.0051944077
0.0051241525
0.0053301576
0.0052268138
0.0047702336
0.0043827770
0.0042025411
0.0041914624
0.0043318183
0.0044521177
0.0043509947
0.0043673980
0.0046177680
0.0046257108
0.0045016733
0.0045005145
0.0042664845
0.0038916755
0.0038302239
0.0038990743
0.0038258846
0.0036407494
0.0033736634
0.0031177442
0.0029282370
0.0028926754
0.0029818663
0.0029154943
0.0028377103
0.0028101022
0.0025593448
0.0024736186
0.0026500694
0.0024860592
0.0022463769
0.0024517663
0.0026323192
0.0025176779
0.0025842349
0.0028909591
0.0032155736
0.0035703965
0.0038301912
0.0039231941
0.0040128606
0.0043556733
0.0048883615
0.0051088564
0.0051588171
0.0055741802
0.0062032933
0.0067944044
0.0073162884
0.0075591495
0.0074325087
0.0072191622
0.0070757325
0.0069183382
0.0068287665
0.0069024082
0.0070790449
0.0071265582
0.0068687249
0.0065871340
0.0064504794
0.0062616630
0.0059990703
0.0056477289
0.0052294306
0.0049777009
0.0048145391
0.0046254008
0.0045047695
0.0040745496
0.0032971934
0.0029059182
0.0027442968
0.0022103073
0.0016824111
0.0014701880
0.0012726533
0.0010433424
0.0008915883
0.0007467803
0.0006348404
0.0006311531
0.0005113786
0.0001183771
-0.0001366194
-0.0000165030
-0.0000064544
-0.0003956328
-0.0007900609
-0.0008198001
-0.0005390713
-0.0002531242
-0.0003235138
-0.0007715120
-0.0011175076
-0.0011372447
-0.0012326655
-0.0014362447
-0.0014788500
-0.0016710698
-0.0020551198
-0.0021875876
-0.0021479567
-0.0021812266
-0.0022190155
-0.0023095168
-0.0024257374
-0.0022020597
-0.0016724042
-0.0014301743
-0.0016187781
-0.0016319539
-0.0013211770
-0.0014936523
-0.0022739862
-0.0026480436
];
