avg_array = [
-0.0202568816
-0.0201481570
-0.0198721945
-0.0193456526
-0.0187506867
-0.0184629658
-0.0183910688
-0.0180899161
-0.0174085049
-0.0166538833
-0.0163461953
-0.0162978203
-0.0157098231
-0.0148512473
-0.0145930633
-0.0144480559
-0.0137120790
-0.0129742486
-0.0125688607
-0.0120821609
-0.0115168804
-0.0109499896
-0.0101389806
-0.0092840280
-0.0088722291
-0.0085146722
-0.0076137756
-0.0065639035
-0.0056504063
-0.0045805778
-0.0035174105
-0.0027810402
-0.0020624548
-0.0010079113
0.0000857053
0.0010439269
0.0022078882
0.0035095279
0.0047337870
0.0061400315
0.0075201928
0.0084272877
0.0094456938
0.0110428835
0.0125716679
0.0137555270
0.0149757407
0.0161555615
0.0172400784
0.0187994506
0.0207359151
0.0221389084
0.0232083281
0.0246722554
0.0261928327
0.0275414487
0.0290734689
0.0305402740
0.0315449244
0.0325917806
0.0340656002
0.0354010037
0.0364699612
0.0377150690
0.0389025608
0.0398928704
0.0410867140
0.0421459267
0.0426974739
0.0435711837
0.0449907780
0.0461050250
0.0470864480
0.0482689094
0.0490774602
0.0496229506
0.0504901316
0.0513501190
0.0517645448
0.0521602729
0.0527193781
0.0531247685
0.0535301032
0.0537534995
0.0535188285
0.0534595777
0.0535519542
0.0531150041
0.0525073285
0.0523514688
0.0522728554
0.0517617538
0.0512636397
0.0510076879
0.0503662985
0.0493985392
0.0487497168
0.0484102720
0.0481528505
0.0480413044
0.0479301967
0.0475533838
0.0471127446
0.0468156895
0.0463053822
0.0454996396
0.0449799513
0.0447620605
0.0443589103
0.0439008664
0.0433913403
0.0423535138
0.0411176194
0.0403876001
0.0398216802
0.0389544244
0.0380655154
0.0372984933
0.0368070690
0.0367017323
0.0363002754
0.0353439378
0.0345943342
0.0341763236
0.0335614248
0.0328805234
0.0324714249
0.0320719055
0.0314793340
0.0310735483
0.0308151911
0.0302208043
0.0295745371
0.0292164814
0.0287521129
0.0281419260
0.0278350205
0.0278265328
0.0278331010
0.0277518744
0.0276248782
0.0276059148
0.0276685441
0.0276271081
0.0275354835
0.0273877755
0.0270309474
0.0265517907
0.0261593824
0.0259919253
0.0258539220
0.0254662072
0.0250537060
0.0247051030
0.0241550977
0.0235822040
0.0231160037
0.0224505418
0.0217962500
0.0216246531
0.0215523199
0.0208966299
0.0200121491
0.0195962021
0.0193397600
0.0188983699
0.0184544593
0.0178345864
0.0170714933
0.0167154924
0.0166181317
0.0161664285
0.0157141207
0.0157611298
0.0155613879
0.0147436589
0.0143022329
0.0144990129
0.0145353508
0.0143379858
0.0142869248
0.0142584215
0.0141538888
0.0139977262
0.0135996457
0.0131034059
0.0128292449
0.0125178337
0.0120185968
0.0117399569
0.0116805598
0.0114164171
0.0110856609
0.0110625821
0.0110795684
0.0108209359
0.0104815018
0.0102408252
0.0102096533
0.0104132270
0.0104600115
0.0101671392
0.0099496363
0.0099215057
0.0097598954
0.0096208988
0.0097807748
0.0097948424
0.0093732887
0.0091110484
0.0092964862
0.0093139575
0.0090733922
0.0091156260
0.0091323749
0.0087874102
0.0086754234
0.0088864395
0.0089560641
0.0090673479
0.0093065364
0.0091906484
0.0087747792
0.0086014399
0.0086601652
0.0086177120
0.0086725536
0.0089444433
0.0089514041
0.0087043061
0.0085639064
0.0082858175
0.0077283752
0.0073154539
0.0072831382
0.0074500681
0.0075949044
0.0075506402
0.0074230306
0.0074427527
0.0073813437
0.0070863885
0.0068800786
0.0069246843
0.0070429304
0.0070895020
0.0072074567
0.0073256101
0.0071223933
0.0068341046
0.0067452225
0.0066553984
0.0064355982
0.0061835191
0.0060213739
0.0059250600
0.0058008440
0.0054754299
0.0048788509
0.0044923073
0.0044884008
0.0042272005
0.0036441821
0.0033586242
0.0032289900
0.0028344670
0.0024764896
0.0022250231
0.0018048629
0.0015060518
0.0015062728
0.0012733179
0.0006709121
0.0004316154
0.0004965787
0.0000085002
-0.0005687733
-0.0005730518
-0.0006016731
-0.0007103175
-0.0004139705
-0.0001191014
-0.0002407755
-0.0003827519
-0.0003309293
-0.0003978143
-0.0005129550
-0.0004482158
-0.0004717841
-0.0006018507
-0.0004708050
-0.0003047372
-0.0004768229
-0.0006135911
-0.0004667132
-0.0003163751
0.0000149073
0.0006016913
0.0006770442
0.0002972684
0.0004327654
0.0008486879
0.0008462772
0.0007947126
0.0009873990
0.0010888757
0.0010864422
0.0011932673
0.0012664256
0.0011762406
0.0011345331
0.0011597439
0.0009759017
0.0007643788
0.0008194796
0.0008502699
0.0007506836
0.0007738704
0.0007279916
0.0004239847
0.0001815822
0.0000740957
-0.0000960986
-0.0002012709
-0.0001803945
-0.0003672433
-0.0008617371
-0.0011984948
-0.0011746260
-0.0012023697
-0.0013923704
-0.0014019420
-0.0012355749
-0.0011710476
-0.0011832921
-0.0011640441
-0.0011882486
-0.0011488186
-0.0010032018
-0.0010048920
-0.0009937073
-0.0007906639
-0.0007053485
-0.0007316443
-0.0007170895
-0.0007533928
-0.0006482929
-0.0003027369
-0.0002375874
-0.0006525525
-0.0008810267
-0.0007491474
-0.0010122414
-0.0016295132
-0.0019963630
-0.0024750159
-0.0030875520
-0.0031380225
-0.0031220428
-0.0036893674
-0.0040764488
-0.0039207976
-0.0039446123
-0.0041631021
-0.0042047478
-0.0043346989
-0.0044206627
-0.0041778143
-0.0040898052
-0.0042848962
-0.0042791286
-0.0040976467
-0.0040710153
-0.0040350720
-0.0039355075
-0.0042726535
-0.0048261167
];
