avg_array = [
-0.0047115107
-0.0044052507
-0.0042401549
-0.0041244850
-0.0038463179
-0.0037097686
-0.0036499291
-0.0033429069
-0.0030459919
-0.0028885144
-0.0024361299
-0.0018906900
-0.0017264195
-0.0015406176
-0.0011536606
-0.0010269917
-0.0010123732
-0.0007792960
-0.0008452295
-0.0013761965
-0.0014638836
-0.0009555726
-0.0005894147
-0.0003829622
-0.0001775503
-0.0001580880
-0.0000802821
0.0003198549
0.0006119855
0.0005387916
0.0005670478
0.0007825144
0.0008611501
0.0009704343
0.0012455880
0.0013970327
0.0013193231
0.0012205967
0.0011438828
0.0009583761
0.0007253908
0.0004785914
0.0001729743
-0.0000493894
-0.0001445548
-0.0002743119
-0.0005261918
-0.0008475656
-0.0011648841
-0.0014279370
-0.0015784243
-0.0016016936
-0.0014660197
-0.0011557626
-0.0007896014
-0.0004942573
-0.0001941279
0.0004663732
0.0014134450
0.0021180953
0.0029418075
0.0044028666
0.0058524625
0.0070383982
0.0086700767
0.0106157506
0.0123219198
0.0142266241
0.0165398436
0.0186695473
0.0207569139
0.0233629103
0.0260155918
0.0281548315
0.0304196358
0.0331904315
0.0358094620
0.0381551247
0.0403994472
0.0421906477
0.0437149708
0.0453475047
0.0466947404
0.0477728822
0.0491083090
0.0502841967
0.0507412690
0.0509963990
0.0513746893
0.0514904095
0.0513417624
0.0509863377
0.0503751233
0.0499466491
0.0494937208
0.0482890654
0.0470074374
0.0463816221
0.0454962002
0.0439042343
0.0424914495
0.0412729388
0.0394974543
0.0376893479
0.0363383510
0.0344993689
0.0322490940
0.0305761734
0.0289365285
0.0268499249
0.0252024175
0.0241259729
0.0228349503
0.0214999560
0.0206231883
0.0198464460
0.0190458065
0.0185435448
0.0181138361
0.0175397156
0.0171330172
0.0169307367
0.0165114672
0.0159556864
0.0159025541
0.0163713214
0.0167990143
0.0171606932
0.0176530130
0.0179405514
0.0181132881
0.0186614023
0.0190381739
0.0189242859
0.0192082879
0.0197658166
0.0196812173
0.0194807871
0.0199088651
0.0204844737
0.0207845823
0.0208808293
0.0209131344
0.0211981282
0.0216391889
0.0216679197
0.0213280362
0.0210283332
0.0206233422
0.0199672928
0.0194058982
0.0190642498
0.0185849717
0.0180032113
0.0177611272
0.0175364018
0.0167376506
0.0158251356
0.0153809969
0.0150515037
0.0145603196
0.0141213743
0.0135846438
0.0127754275
0.0120807791
0.0116446788
0.0111955571
0.0106914103
0.0102060628
0.0097864956
0.0094969882
0.0093402838
0.0091189280
0.0085862380
0.0080042349
0.0078325299
0.0079605672
0.0079954162
0.0079552160
0.0079553787
0.0078108824
0.0076571526
0.0076059767
0.0073236281
0.0070374590
0.0070473655
0.0069650286
0.0067404996
0.0066082643
0.0063792593
0.0061408870
0.0062628919
0.0063949533
0.0061232762
0.0058345975
0.0057655225
0.0056613956
0.0055587528
0.0055901448
0.0054471094
0.0050350799
0.0048202123
0.0047840132
0.0045895647
0.0044998279
0.0044515386
0.0039567734
0.0034095787
0.0033362835
0.0031675798
0.0024742149
0.0019243864
0.0017583690
0.0014763901
0.0011515411
0.0009847093
0.0007453873
0.0005037985
0.0005587999
0.0006154825
0.0003654785
0.0002627042
0.0002477660
-0.0002938431
-0.0008343998
-0.0008327170
-0.0009709794
-0.0013342365
-0.0013402145
-0.0012540378
-0.0013130426
-0.0012574590
-0.0012188188
-0.0012004404
-0.0009029932
-0.0006713308
-0.0009739309
-0.0014102707
-0.0014786291
-0.0014657182
-0.0016223974
-0.0017048778
-0.0018350132
-0.0021003736
-0.0020146355
-0.0016629186
-0.0015642058
-0.0015509628
-0.0013374090
-0.0010646998
-0.0007648348
-0.0003439076
-0.0000908375
-0.0001781262
-0.0002086251
-0.0001303210
-0.0002515845
-0.0004079972
-0.0002738093
0.0000598895
0.0003401733
0.0006805966
0.0012523828
0.0018264565
0.0021772373
0.0023615159
0.0024602749
0.0025766213
0.0029369910
0.0033904545
0.0035605360
0.0037592838
0.0041592653
0.0042301285
0.0042117397
0.0045372292
0.0046029577
0.0043928507
0.0045638893
0.0046824334
0.0043485071
0.0041822728
0.0041504536
0.0036699376
0.0030911259
0.0029117444
0.0028157928
0.0025255963
0.0022487135
0.0019676849
0.0014608474
0.0009768640
0.0007970206
0.0005462646
-0.0000905536
-0.0007070258
-0.0010519230
-0.0014970985
-0.0021452734
-0.0028215587
-0.0035415352
-0.0040913089
-0.0043280658
-0.0045809713
-0.0047242576
];
