avg_array = [
-0.0019041614
-0.0018617004
-0.0017560561
-0.0016975505
-0.0017342773
-0.0018609979
-0.0018715226
-0.0016625061
-0.0014836520
-0.0015894032
-0.0017655446
-0.0016882914
-0.0014609122
-0.0011985737
-0.0009244858
-0.0008480487
-0.0008998349
-0.0007524460
-0.0005077901
-0.0004457118
-0.0004367537
-0.0002441686
0.0000333126
0.0001908832
0.0002851644
0.0004362292
0.0006374734
0.0009066546
0.0011827311
0.0013518072
0.0014853327
0.0017165535
0.0020049951
0.0022249953
0.0023989537
0.0025694090
0.0026919138
0.0027957462
0.0028580586
0.0028432230
0.0028883553
0.0030457364
0.0032448727
0.0034234873
0.0035278415
0.0036558276
0.0038346560
0.0038670029
0.0038482967
0.0040014685
0.0040983007
0.0039740119
0.0038843061
0.0039859788
0.0041394229
0.0041825236
0.0041251203
0.0040896720
0.0041524640
0.0042467025
0.0043431064
0.0045231332
0.0046564207
0.0045351496
0.0043220960
0.0042829985
0.0043182918
0.0043109882
0.0043640417
0.0043996357
0.0042889566
0.0041426340
0.0041001136
0.0040838357
0.0039186594
0.0037618317
0.0037569388
0.0036285660
0.0034509448
0.0035026204
0.0034806629
0.0032375424
0.0030254593
0.0027807859
0.0025073736
0.0024126580
0.0023070230
0.0020398721
0.0018338677
0.0017702404
0.0017704110
0.0016789579
0.0013648682
0.0010309687
0.0008624546
0.0007589845
0.0005719688
0.0002091309
-0.0002065131
-0.0004548198
-0.0005726553
-0.0007575927
-0.0010620724
-0.0013166874
-0.0014189904
-0.0014962781
-0.0016228360
-0.0017781552
-0.0019545906
-0.0020629438
-0.0021107606
-0.0022022793
-0.0022229403
];
std_array = [
0.0453886229
0.0453971256
0.0451777619
0.0449756766
0.0447777173
0.0443755616
0.0438451845
0.0433996631
0.0430024318
0.0425599032
0.0420887481
0.0416018485
0.0411472901
0.0409403096
0.0408206305
0.0404204101
0.0399911043
0.0399018898
0.0397715787
0.0393983510
0.0391602232
0.0390512891
0.0388554134
0.0388036581
0.0388772054
0.0386950197
0.0384674384
0.0385898124
0.0387595689
0.0387775390
0.0389946597
0.0393304169
0.0396142361
0.0400233643
0.0405502061
0.0409630736
0.0413002923
0.0417040112
0.0421595862
0.0426305869
0.0431040383
0.0435785523
0.0440520527
0.0444955911
0.0449254871
0.0453329881
0.0456656470
0.0459615017
0.0463915642
0.0467660150
0.0468994689
0.0470538035
0.0472276962
0.0473297218
0.0473288430
0.0472445061
0.0471588603
0.0469422306
0.0466604190
0.0464154470
0.0460535154
0.0456525715
0.0453320778
0.0449393222
0.0445031995
0.0441370751
0.0436054468
0.0428066156
0.0421557233
0.0416848527
0.0410240447
0.0402903711
0.0396351528
0.0387767870
0.0378185505
0.0371220500
0.0365740345
0.0359664462
0.0353865389
0.0348532182
0.0343894363
0.0340035743
0.0337402244
0.0335755304
0.0334299808
0.0334747222
0.0338862271
0.0346698124
0.0354763260
0.0360443329
0.0366974456
0.0376835159
0.0387177442
0.0395782353
0.0405139478
0.0416262652
0.0426889961
0.0435804711
0.0444798745
0.0455180219
0.0466793973
0.0479659326
0.0492923447
0.0502878091
0.0508853435
0.0517267771
0.0527165469
0.0530567995
0.0529608824
0.0531440677
0.0532377752
0.0528075625
0.0522687833
];
indexLeft = ...
0.1485
idxRight = ...
0.15959
maxSTD = ...
0.0532377752
minSTD = ...
0.0334299808
traces = ...
113
amplL = 0.0065606;
amplR = 0.0068794;
ampLSTD = 0.069675;
ampRSTD = 0.07122;
