avg_array = [
-0.0173637200
-0.0172831871
-0.0172011333
-0.0172566938
-0.0173148421
-0.0172184996
-0.0170810388
-0.0170094179
-0.0168695541
-0.0166665198
-0.0164822984
-0.0163088152
-0.0163037115
-0.0164177969
-0.0162625162
-0.0158459235
-0.0155757862
-0.0154438317
-0.0151750562
-0.0148791095
-0.0145877754
-0.0141196749
-0.0136900560
-0.0134814732
-0.0132110855
-0.0127524066
-0.0122623870
-0.0117468066
-0.0112232531
-0.0108473073
-0.0105843429
-0.0102747741
-0.0099163758
-0.0095350456
-0.0090740143
-0.0085504608
-0.0080804572
-0.0077047331
-0.0073017990
-0.0068327226
-0.0064437810
-0.0060473738
-0.0054785966
-0.0049843038
-0.0046413204
-0.0041465619
-0.0035364304
-0.0029841012
-0.0023773700
-0.0017643785
-0.0013646563
-0.0010277245
-0.0004756886
0.0001458069
0.0005919043
0.0010479359
0.0017657963
0.0025499141
0.0031499521
0.0036761528
0.0042518104
0.0048019076
0.0052716828
0.0057494391
0.0064148621
0.0071861233
0.0077903245
0.0083234403
0.0088883083
0.0093589165
0.0098806254
0.0105832295
0.0112745439
0.0118213135
0.0123187579
0.0128288019
0.0133169986
0.0139635651
0.0148533194
0.0156020173
0.0159618350
0.0162174721
0.0167085888
0.0173797779
0.0180099193
0.0185778701
0.0191085963
0.0195799057
0.0201402297
0.0208235290
0.0213291436
0.0217514693
0.0224499241
0.0231004639
0.0233825759
0.0236440304
0.0240469380
0.0244806580
0.0250660560
0.0256950744
0.0260458496
0.0263256147
0.0268029417
0.0272203640
0.0274794676
0.0278319996
0.0282635961
0.0286310134
0.0290003777
0.0293775206
0.0296769239
0.0299116252
0.0301597606
0.0305074400
0.0309147724
0.0312285094
0.0314475163
0.0316452857
0.0319021399
0.0323826061
0.0329277062
0.0332519202
0.0335274229
0.0338646062
0.0340493197
0.0342201803
0.0346969496
0.0352500437
0.0355584559
0.0358253654
0.0362465941
0.0366638431
0.0370470751
0.0375014496
0.0378574410
0.0380759144
0.0384106278
0.0387669413
0.0389506452
0.0391021135
0.0393132085
0.0395762430
0.0398963784
0.0401379498
0.0402020343
0.0402366099
0.0403274134
0.0403653248
0.0403655898
0.0404072017
0.0404144414
0.0403341843
0.0402193167
0.0401101650
0.0399636171
0.0396964506
0.0394299345
0.0392705922
0.0391070338
0.0389967600
0.0388756154
0.0385203383
0.0381234721
0.0377968725
0.0373040512
0.0366372012
0.0360362140
0.0356265537
0.0352424254
0.0347442452
0.0342474656
0.0337203833
0.0330652829
0.0324735818
0.0320058434
0.0314515131
0.0308104805
0.0302492067
0.0298139046
0.0294361194
0.0290159985
0.0284548863
0.0277607120
0.0271685638
0.0267085909
0.0260758108
0.0252936092
0.0245843728
0.0238941795
0.0231917606
0.0225469431
0.0219263977
0.0213393046
0.0208577250
0.0203720163
0.0197429066
0.0191159323
0.0186228177
0.0181823451
0.0176820572
0.0170700834
0.0165040797
0.0160451916
0.0155017191
0.0148920008
0.0143695053
0.0139587674
0.0135790579
0.0131477698
0.0126923982
0.0122487246
0.0118655811
0.0115539038
0.0111427080
0.0106115893
0.0101624394
0.0098427260
0.0095873809
0.0093025468
0.0089572300
0.0086724994
0.0083756806
0.0079925091
0.0076783782
0.0073870886
0.0070765980
0.0069131420
0.0068955915
0.0068339181
0.0065818408
0.0063010463
0.0062132914
0.0061022705
0.0058270707
0.0056868514
0.0057240364
0.0056866000
0.0055982550
0.0055068998
0.0052767927
0.0050481409
0.0050740961
0.0051000049
0.0048566991
0.0046802283
0.0047286599
0.0047280242
0.0046973353
0.0047541812
0.0047122510
0.0044574204
0.0042650162
0.0042912465
0.0043154555
0.0042984369
0.0042723862
0.0041040987
0.0038835495
0.0037598092
0.0036668978
0.0036447993
0.0037579178
0.0037875157
0.0036409008
0.0035546014
0.0036351103
0.0037492624
0.0037583039
0.0036344638
0.0035184121
0.0035670605
0.0036889102
0.0036649012
0.0035113048
0.0034585789
0.0035428900
0.0035091817
0.0032708192
0.0031121862
0.0031788080
0.0032669067
0.0032813373
0.0033026723
0.0033060440
0.0032581343
0.0031813439
0.0030336393
0.0028964751
0.0029394267
0.0030209058
0.0029922153
0.0030575076
0.0031904828
0.0030965177
0.0029222671
0.0029494026
0.0030806027
0.0032310406
0.0033447438
0.0032068636
0.0029245055
0.0028058341
0.0027657752
0.0026674339
0.0026420565
0.0027110986
0.0027077137
0.0025383622
0.0023355187
0.0022901873
0.0023017580
0.0021944112
0.0020882605
0.0020408188
0.0018927641
0.0017460957
0.0017106499
0.0015360651
0.0012670851
0.0011790292
0.0010980226
0.0009357230
0.0009102439
0.0008500799
0.0005721411
0.0003630500
0.0002938765
0.0001913305
0.0001690109
0.0002085125
0.0000265148
-0.0003065638
-0.0004941043
-0.0005550393
-0.0006520581
-0.0007691811
-0.0008347474
-0.0008445344
-0.0009049311
-0.0010896041
-0.0012731471
-0.0013737522
-0.0013888437
-0.0013648994
-0.0014846494
-0.0017282641
-0.0018930119
-0.0020117477
-0.0021021150
-0.0020692862
-0.0021595504
-0.0025387068
-0.0028928875
-0.0031033762
-0.0033258899
-0.0035148200
-0.0035998494
-0.0036771121
-0.0037673580
-0.0037897896
-0.0038236951
-0.0040269747
-0.0043802271
-0.0047013868
-0.0048548863
-0.0049039262
-0.0049378565
-0.0050261491
-0.0052649396
-0.0054792261
-0.0055311010
-0.0057229287
-0.0060676640
-0.0062248086
-0.0062969571
-0.0065179018
-0.0067386101
-0.0068077843
-0.0068769231
-0.0070695647
-0.0073269033
-0.0076244763
-0.0078546455
-0.0079005939
-0.0079837409
-0.0082895508
-0.0085377980
-0.0085882073
-0.0087739154
-0.0091498268
-0.0094226500
-0.0095140539
-0.0095395017
-0.0096545318
-0.0098496553
-0.0099137007
-0.0098320562
-0.0098448969
-0.0100645158
-0.0103731063
-0.0106277753
-0.0107571640
-0.0108396373
-0.0109269296
-0.0108917357
-0.0108304320
-0.0108960199
-0.0109006330
-0.0107936421
-0.0107533553
-0.0107672425
-0.0108214510
-0.0109972763
-0.0111651583
-0.0112327927
-0.0112653102
-0.0112199203
-0.0112023937
-0.0113227294
-0.0113855464
-0.0113318734
-0.0113363810
-0.0114745062
-0.0116074754
];
