avg_array = [
-0.0015956405
-0.0013397442
-0.0011397304
-0.0012776074
-0.0012720090
-0.0010320443
-0.0010813801
-0.0012886783
-0.0011850299
-0.0010847280
-0.0013148462
-0.0014135929
-0.0012471949
-0.0012623950
-0.0013484743
-0.0012318866
-0.0011569285
-0.0011397732
-0.0009579357
-0.0008157325
-0.0008773498
-0.0008424463
-0.0006389016
-0.0006295993
-0.0007322831
-0.0005388806
-0.0003406578
-0.0004685913
-0.0004874782
-0.0002950063
-0.0002395224
-0.0001570060
0.0000736089
0.0002062625
0.0003332615
0.0005703582
0.0006090758
0.0004609555
0.0005845947
0.0009215205
0.0010703759
0.0011225380
0.0012440952
0.0012912363
0.0013067273
0.0014647473
0.0016080062
0.0015612122
0.0015735916
0.0017799268
0.0018878976
0.0018805044
0.0019705521
0.0020215777
0.0019628583
0.0020273961
0.0021559400
0.0020887504
0.0019951171
0.0021166959
0.0022440086
0.0022768455
0.0024263157
0.0025445166
0.0023845913
0.0022299838
0.0022762215
0.0022888806
0.0022782046
0.0023420732
0.0022772217
0.0021848213
0.0023345027
0.0024302908
0.0022425617
0.0021380224
0.0022264558
0.0021672238
0.0020128089
0.0020462547
0.0020546288
0.0018900026
0.0019163551
0.0020943304
0.0019805595
0.0017664583
0.0018840898
0.0021034125
0.0020987308
0.0020801622
0.0021726188
0.0021197734
0.0019558831
0.0019061462
0.0018630602
0.0018420687
0.0019902410
0.0020726767
0.0020028879
0.0020721532
0.0022719692
0.0023114562
0.0022351294
0.0022873322
0.0022834159
0.0020873243
0.0020145696
0.0020129752
0.0019200542
0.0019808872
0.0020744499
0.0019367399
0.0018408724
0.0019089697
0.0018563144
0.0017302550
0.0017594826
0.0017694039
0.0015924296
0.0014672527
0.0015389922
0.0015604441
0.0014937286
0.0016522798
0.0019255720
0.0019890459
0.0020340907
0.0021934731
0.0022084048
0.0021387315
0.0022090230
0.0022479024
0.0022185071
0.0023904428
0.0025844674
0.0024992674
0.0024424072
0.0026196781
0.0027133190
0.0027237289
0.0028922639
0.0029899662
0.0028722001
0.0028659875
0.0030411576
0.0031279864
0.0030835631
0.0030678754
0.0031047097
0.0031489944
];
std_array = [
0.0340227304
0.0340221595
0.0339388560
0.0339647728
0.0341465101
0.0342660782
0.0345108849
0.0348863044
0.0351976749
0.0354890445
0.0358727397
0.0363001585
0.0366536001
0.0369512571
0.0372828574
0.0375492118
0.0376146583
0.0376280536
0.0376762368
0.0375619930
0.0373929026
0.0373597453
0.0372266885
0.0369029712
0.0365992310
0.0363424478
0.0359317819
0.0354267633
0.0349836650
0.0345496892
0.0340614015
0.0335871535
0.0331237840
0.0326789140
0.0323211285
0.0319794999
0.0316671693
0.0315610644
0.0314986358
0.0313223579
0.0312569900
0.0313600795
0.0314600524
0.0315690462
0.0318072980
0.0321360508
0.0324040258
0.0327077306
0.0331311937
0.0335367811
0.0338939370
0.0342713932
0.0346866850
0.0351094587
0.0354779942
0.0356932963
0.0358606947
0.0361479434
0.0364791391
0.0366713778
0.0367878809
0.0369947670
0.0372228173
0.0372616232
0.0372019553
0.0372449858
0.0372456869
0.0371145321
0.0370607534
0.0370605663
0.0368957764
0.0367063903
0.0366835624
0.0365883204
0.0363626031
0.0361817623
0.0360664189
0.0358203303
0.0355782283
0.0354582161
0.0352928388
0.0350725074
0.0349018463
0.0347094701
0.0345670778
0.0344353071
0.0342230143
0.0341010295
0.0341511932
0.0341573845
0.0339784417
0.0338863050
0.0340207388
0.0342110213
0.0344010118
0.0346457679
0.0349026478
0.0351209907
0.0354697823
0.0359245698
0.0363317775
0.0367953898
0.0373483483
0.0377914834
0.0381908994
0.0386781687
0.0391742401
0.0397054257
0.0403171324
0.0408748825
0.0413595350
0.0418363910
0.0422665674
0.0427254295
0.0432149770
0.0435980650
0.0439208198
0.0442645172
0.0446661468
0.0450551511
0.0452521923
0.0453851883
0.0457155977
0.0459935858
0.0460164531
0.0460745570
0.0461822584
0.0460168759
0.0458137991
0.0458070806
0.0456696480
0.0452377803
0.0448029553
0.0444553734
0.0439353115
0.0433153236
0.0429305524
0.0425614454
0.0420073013
0.0415083403
0.0410893047
0.0406137756
0.0402277008
0.0400362418
0.0398511220
0.0395878535
0.0393244616
0.0391311741
0.0390604719
0.0390751386
];
indexLeft = ...
0.33521
idxRight = ...
0.34996
maxSTD = ...
0.0461822584
minSTD = ...
0.0312569900
traces = ...
150
amplL = 0.0047446;
amplR = 0;
ampLSTD = 0.078824;
ampRSTD = 0.078281;
