avg_array = [
-0.0132133563
-0.0131228768
-0.0129388238
-0.0128916266
-0.0127589362
-0.0125774083
-0.0127051232
-0.0129302595
-0.0129390621
-0.0129184107
-0.0129333416
-0.0128414604
-0.0127962451
-0.0128863333
-0.0128512776
-0.0126676937
-0.0126046373
-0.0126399932
-0.0125713603
-0.0124553142
-0.0123615086
-0.0122107084
-0.0120981067
-0.0120629419
-0.0118965496
-0.0116855927
-0.0116820386
-0.0116991269
-0.0114694230
-0.0111757374
-0.0110932657
-0.0110937629
-0.0109597130
-0.0107721375
-0.0106272831
-0.0104662139
-0.0102917358
-0.0101827702
-0.0100814575
-0.0099758931
-0.0099863186
-0.0098767577
-0.0094695178
-0.0091614358
-0.0090448558
-0.0087759329
-0.0084194765
-0.0081868867
-0.0079639833
-0.0076918530
-0.0074813494
-0.0072849870
-0.0070093674
-0.0067568372
-0.0065218287
-0.0061632090
-0.0058256461
-0.0056302222
-0.0053790625
-0.0050360731
-0.0047133020
-0.0043176039
-0.0037970743
-0.0033136383
-0.0029130742
-0.0024126426
-0.0018388990
-0.0014557520
-0.0012110673
-0.0008394117
-0.0003545945
0.0001324108
0.0006440107
0.0010802137
0.0013854585
0.0018543375
0.0025318305
0.0029923029
0.0032904569
0.0038951560
0.0046066858
0.0050585523
0.0055361719
0.0061753540
0.0067069319
0.0071601455
0.0076910762
0.0082143259
0.0087287770
0.0094018148
0.0100931759
0.0105302045
0.0109475022
0.0115752391
0.0121519471
0.0126936601
0.0133937404
0.0139745256
0.0143526367
0.0148506994
0.0154521492
0.0159229545
0.0163859290
0.0170120741
0.0176019624
0.0181392035
0.0188194799
0.0194274257
0.0198370704
0.0202915576
0.0207779482
0.0211585759
0.0215741724
0.0221723123
0.0227738305
0.0231931825
0.0235987924
0.0240739034
0.0244860717
0.0249278655
0.0254110008
0.0256989923
0.0259204463
0.0263224384
0.0267092328
0.0269902720
0.0273845905
0.0277717586
0.0279597858
0.0282289502
0.0286709698
0.0289432650
0.0290459452
0.0292564886
0.0295338675
0.0297465534
0.0299601558
0.0301478574
0.0301705673
0.0301666855
0.0303637314
0.0305470005
0.0305207069
0.0305689970
0.0306844101
0.0305632414
0.0304660738
0.0305999583
0.0305583967
0.0304044266
0.0305743458
0.0306855068
0.0303802745
0.0301864511
0.0302572063
0.0301298276
0.0299195233
0.0299236049
0.0298337110
0.0295435612
0.0294003705
0.0293163735
0.0289926575
0.0286835047
0.0285952173
0.0284272829
0.0281764443
0.0280953381
0.0279659730
0.0276162500
0.0273754893
0.0272375470
0.0268266649
0.0263825668
0.0262462152
0.0260409468
0.0256221977
0.0253696589
0.0251507131
0.0246839194
0.0242616357
0.0239727860
0.0235697326
0.0231708036
0.0228763611
0.0224710984
0.0219742555
0.0215900855
0.0212467609
0.0208469658
0.0205671733
0.0203651477
0.0199005203
0.0192989845
0.0189543876
0.0187021158
0.0183044363
0.0179919855
0.0177689377
0.0173538223
0.0168967054
0.0165949619
0.0161566281
0.0155430584
0.0151581516
0.0149563273
0.0146571842
0.0143933395
0.0141932092
0.0138020899
0.0133843789
0.0132213417
0.0129694923
0.0124593332
0.0121519075
0.0120195346
0.0117142342
0.0114875564
0.0114233740
0.0111244650
0.0106837697
0.0104693496
0.0103326601
0.0100606262
0.0097986485
0.0095611030
0.0092056282
0.0088721281
0.0087072429
0.0085256497
0.0082250831
0.0079817657
0.0077920897
0.0074688530
0.0071645140
0.0070638492
0.0068743375
0.0065210061
0.0063735919
0.0063173309
0.0060128912
0.0056995641
0.0055507270
0.0053216775
0.0050444234
0.0049054624
0.0047141215
0.0043945030
0.0042757137
0.0042511071
0.0039563690
0.0037009963
0.0036918650
0.0035150124
0.0031986461
0.0030905441
0.0030024480
0.0027926888
0.0026725277
0.0025422318
0.0022606539
0.0020912804
0.0020729748
0.0018425064
0.0014562562
0.0012933156
0.0012417822
0.0010627962
0.0009124009
0.0008092487
0.0005093578
0.0001545445
0.0000430738
-0.0000186329
-0.0002370250
-0.0004103025
-0.0005026979
-0.0007203660
-0.0009292990
-0.0009662552
-0.0011047486
-0.0013507056
-0.0014128950
-0.0015223239
-0.0018325181
-0.0019854783
-0.0019986675
-0.0021528469
-0.0023005906
-0.0022903504
-0.0023419618
-0.0025149603
-0.0026150668
-0.0026637170
-0.0027541883
-0.0028061451
-0.0028477244
-0.0030277748
-0.0032242280
-0.0032699331
-0.0033860741
-0.0036304031
-0.0037013383
-0.0036936862
-0.0038603543
-0.0040106641
-0.0039927887
-0.0040045195
-0.0041439488
-0.0042457862
-0.0042920891
-0.0044294823
-0.0045554171
-0.0045825597
-0.0046938347
-0.0048471120
-0.0048690028
-0.0049306945
-0.0051118541
-0.0052097131
-0.0052679694
-0.0053994256
-0.0054671674
-0.0054830566
-0.0055999757
-0.0057416946
-0.0058344580
-0.0059698107
-0.0061039738
-0.0060775767
-0.0060407184
-0.0062506637
-0.0064323326
-0.0063767422
-0.0064802265
-0.0067511295
-0.0067531600
-0.0066150946
-0.0066963174
-0.0068434387
-0.0068563111
-0.0069475486
-0.0071830444
-0.0072841692
-0.0072540590
-0.0072934560
-0.0072975954
-0.0072543202
-0.0074131918
-0.0076204997
-0.0075906976
-0.0075728222
-0.0077207982
-0.0077485216
-0.0077065604
-0.0078434266
-0.0079249649
-0.0078459587
-0.0079225089
-0.0080943710
-0.0081614586
-0.0082700676
-0.0083462682
-0.0081999403
-0.0081221121
-0.0083578888
-0.0085790723
-0.0085566830
-0.0085881787
-0.0087520867
-0.0087525885
-0.0086910565
-0.0088109252
-0.0088751380
-0.0087585558
-0.0087624359
-0.0088842875
-0.0088857913
-0.0089132419
-0.0090477412
-0.0090384322
-0.0089734447
-0.0090653906
-0.0090706694
-0.0089800836
-0.0091820709
-0.0094761175
-0.0094537894
-0.0093744987
-0.0094854288
-0.0095575312
-0.0095494829
-0.0096612605
-0.0097419446
-0.0096187106
-0.0095665021
-0.0096693936
-0.0096412254
-0.0095052781
-0.0094595797
-0.0094397049
-0.0094168101
-0.0094769578
-0.0095030077
-0.0093889349
-0.0093418956
-0.0094504153
-0.0094579489
-0.0093646999
-0.0093874008
-0.0093842228
-0.0093038000
-0.0094116707
-0.0095686636
-0.0095396578
-0.0095661811
-0.0097009941
-0.0096909464
-0.0096048138
-0.0096396279
-0.0096998541
-0.0096928401
-0.0097781121
-0.0098790062
-0.0097447359
-0.0096452201
-0.0098423073
-0.0099817430
-0.0099136738
-0.0099606945
-0.0100698222
-0.0099559808
-0.0098458459
-0.0099457333
-0.0099964709
-0.0099565606
-0.0099711710
-0.0099438257
-0.0099142972
-0.0100386142
-0.0101357905
-0.0100472636
-0.0100174938
-0.0101348849
-0.0101241253
-0.0100072266
-0.0100747443
-0.0102512885
-0.0102874373
-0.0102821002
-0.0103827783
-0.0104118012
];
