avg_array = [
-0.0144055430
-0.0139986095
-0.0137278647
-0.0139339140
-0.0140544309
-0.0139629857
-0.0139678437
-0.0139909225
-0.0138589766
-0.0136904337
-0.0136403938
-0.0136748205
-0.0137010540
-0.0136975366
-0.0136212943
-0.0134494806
-0.0132468528
-0.0130167652
-0.0127563242
-0.0126828835
-0.0128494172
-0.0128898269
-0.0127228539
-0.0125654278
-0.0123197024
-0.0120340968
-0.0119932313
-0.0118885473
-0.0115332199
-0.0114933115
-0.0117025142
-0.0115242732
-0.0112149363
-0.0113393672
-0.0115011392
-0.0113054987
-0.0113172147
-0.0115656385
-0.0114664735
-0.0113673275
-0.0115570994
-0.0114703064
-0.0112003245
-0.0113222179
-0.0114874368
-0.0114277690
-0.0116618791
-0.0119960495
-0.0118962992
-0.0118753811
-0.0122120610
-0.0123037296
-0.0122037421
-0.0124002971
-0.0126767196
-0.0126827956
-0.0126481016
-0.0128049806
-0.0127679103
-0.0123866469
-0.0121342979
-0.0120209919
-0.0118718567
-0.0119678223
-0.0121601489
-0.0120194546
-0.0118172716
-0.0118218080
-0.0116399479
-0.0112549075
-0.0111345595
-0.0110809614
-0.0106470626
-0.0101164532
-0.0098316082
-0.0094883680
-0.0089593186
-0.0085769689
-0.0082306529
-0.0075866059
-0.0067982789
-0.0061044354
-0.0053865507
-0.0045855426
-0.0038626122
-0.0029827645
-0.0017248325
-0.0005877947
0.0003201141
0.0016264330
0.0031685028
0.0043204026
0.0055421801
0.0073588321
0.0091880745
0.0107804286
0.0127012691
0.0149470343
0.0170790977
0.0192678968
0.0217355248
0.0241634826
0.0266438239
0.0294902894
0.0322443876
0.0348107686
0.0378104842
0.0408926093
0.0433845765
0.0460325407
0.0495082371
0.0530737274
0.0562981839
0.0595552419
0.0626964672
0.0654698130
0.0684052543
0.0717345248
0.0749323442
0.0779066266
0.0808894030
0.0837757914
0.0865148650
0.0891668535
0.0915676912
0.0936901464
0.0958970113
0.0981619913
0.1001083245
0.1018664642
0.1035553885
0.1049226176
0.1061427219
0.1074994912
0.1086646031
0.1094888207
0.1101866758
0.1105277116
0.1104766245
0.1105883339
0.1107702338
0.1103784738
0.1097241553
0.1093864250
0.1087695857
0.1076390000
0.1067597207
0.1058367296
0.1042618569
0.1027169301
0.1014927516
0.0998411163
0.0977325732
0.0958574108
0.0941541858
0.0922375823
0.0902861681
0.0881761989
0.0856148721
0.0831301751
0.0808896452
0.0782526756
0.0754433083
0.0730746457
0.0707190176
0.0679702881
0.0653854159
0.0631329043
0.0604987119
0.0576084763
0.0551265436
0.0526771771
0.0501247462
0.0479005789
0.0455276722
0.0428856570
0.0407264083
0.0387795300
0.0363567212
0.0338958771
0.0320347388
0.0303513654
0.0282983116
0.0263496691
0.0247369235
0.0229731553
0.0212988853
0.0200294835
0.0185772672
0.0169189445
0.0157572701
0.0148017994
0.0134609757
0.0123370449
0.0117336273
0.0109875271
0.0101903724
0.0096803827
0.0089255635
0.0078112105
0.0070225442
0.0066585165
0.0062125085
0.0057417834
0.0055408050
0.0053559506
0.0051017032
0.0049986454
0.0048700755
0.0045359659
0.0042533183
0.0041489653
0.0040078483
0.0039566642
0.0041765764
0.0042598907
0.0041612894
0.0043918826
0.0047281317
0.0045962924
0.0043960680
0.0046773284
0.0049557871
0.0048397821
0.0048418135
0.0051688992
0.0054491600
0.0056615133
0.0059902873
0.0062600513
0.0063119957
0.0064409476
0.0066950922
0.0067832706
0.0069582120
0.0073640874
0.0075566319
0.0075428964
0.0077173248
0.0079240374
0.0078609753
0.0079280817
0.0083215909
0.0085149354
0.0085770754
0.0087647496
0.0086407371
0.0083960676
0.0085987523
0.0087562288
0.0084667597
0.0082907914
0.0084217395
0.0084618724
0.0084395243
0.0084789739
0.0082720316
0.0079967043
0.0081931602
0.0083378124
0.0077460442
0.0070808392
0.0068938143
0.0066972323
0.0064339740
0.0064640332
0.0064686235
0.0061226844
0.0058043617
0.0057312184
0.0056174124
0.0054946231
0.0054947684
0.0052297921
0.0047659061
0.0046783715
0.0046120929
0.0041472337
0.0038742255
0.0038480022
0.0035411607
0.0032913753
0.0033283658
0.0030507499
0.0025876588
0.0026061013
0.0027088884
0.0024323806
0.0023195304
0.0025171741
0.0023842144
0.0019133549
0.0017287019
0.0017504282
0.0015838209
0.0015327215
0.0016651181
0.0015812078
0.0014787398
0.0014362377
0.0010836489
0.0008631825
0.0011178019
0.0010651282
0.0005751892
0.0004273564
0.0004989367
0.0002071710
-0.0000977340
-0.0000360033
-0.0001425151
-0.0005942719
-0.0007897534
-0.0007687058
-0.0010785627
-0.0015467968
-0.0016968392
-0.0017006459
-0.0019329107
-0.0021182002
-0.0020260578
-0.0021909019
-0.0026462624
-0.0027692412
-0.0026801373
-0.0027664568
-0.0029430391
-0.0031353158
-0.0032714878
-0.0032162220
-0.0031843845
-0.0034222567
-0.0036786727
-0.0037447264
-0.0037200261
-0.0036338262
-0.0035324493
-0.0034389193
-0.0032731936
-0.0031029036
-0.0031091434
-0.0032862644
-0.0033184461
-0.0031676688
-0.0033245560
-0.0036284699
-0.0034345422
-0.0032379653
-0.0036044770
-0.0038219233
-0.0035960179
-0.0035140158
-0.0035473818
-0.0034678346
-0.0036503129
-0.0040893516
-0.0042711858
-0.0042744792
-0.0043928748
-0.0043689914
-0.0041379577
-0.0042014597
-0.0045503131
-0.0046187113
-0.0045301371
-0.0046547611
-0.0047437023
-0.0047578015
-0.0050205484
-0.0053416034
-0.0053216857
-0.0052445796
-0.0054535414
-0.0055742841
-0.0054962664
-0.0055328020
-0.0055604041
-0.0056084967
-0.0059535525
-0.0062527590
-0.0062255481
-0.0063542464
-0.0067899894
-0.0069946867
-0.0070165230
-0.0073234730
-0.0076053464
-0.0075416169
-0.0075904089
-0.0078112053
-0.0076846078
-0.0075058861
-0.0078377098
-0.0080614343
-0.0077766011
-0.0078699332
-0.0084240213
-0.0084767573
-0.0082537590
-0.0084844522
-0.0086744267
-0.0085182700
-0.0085109033
-0.0085220915
-0.0083313152
-0.0083062943
-0.0084227835
-0.0083714693
-0.0084403643
-0.0087695121
-0.0088263735
-0.0085884067
-0.0085537572
-0.0086875382
-0.0087456374
-0.0087618338
-0.0087003618
-0.0085382978
-0.0085417095
-0.0087859842
-0.0087756834
-0.0083793605
-0.0082546107
-0.0084242528
-0.0082809225
-0.0080334109
-0.0080759948
-0.0080411640
-0.0078138606
-0.0078072495
-0.0079125933
-0.0078541142
-0.0080135036
-0.0084633272
-0.0085695967
-0.0084694289
-0.0087576169
-0.0089722118
];
