avg_array = [
-0.0168808220
-0.0168143899
-0.0168558736
-0.0168396655
-0.0165217852
-0.0163335226
-0.0164848682
-0.0164824030
-0.0163526670
-0.0163876929
-0.0163322658
-0.0162178969
-0.0162416689
-0.0160903286
-0.0157691031
-0.0157521937
-0.0160159815
-0.0160672444
-0.0158810468
-0.0158494698
-0.0158925767
-0.0157600602
-0.0155568627
-0.0153969746
-0.0153150747
-0.0153237939
-0.0152856961
-0.0150956776
-0.0148781822
-0.0147130905
-0.0145783238
-0.0145690523
-0.0146785958
-0.0146390432
-0.0142617256
-0.0138475079
-0.0137680713
-0.0136802185
-0.0132870190
-0.0129996739
-0.0128762367
-0.0125609049
-0.0122294739
-0.0120974161
-0.0117904402
-0.0112860056
-0.0109679552
-0.0104975300
-0.0097237367
-0.0092867003
-0.0091115543
-0.0086207453
-0.0080142586
-0.0077004451
-0.0074104051
-0.0067396377
-0.0058995295
-0.0051874623
-0.0044531389
-0.0036974842
-0.0030666835
-0.0023377481
-0.0014073098
-0.0004534727
0.0005377234
0.0015297697
0.0023831378
0.0032632198
0.0043608437
0.0054987962
0.0064240251
0.0073325119
0.0084639335
0.0094522002
0.0102708736
0.0115655970
0.0131652380
0.0143537479
0.0153685334
0.0166508007
0.0178812322
0.0189521412
0.0202033000
0.0215278402
0.0227059613
0.0239675391
0.0254097038
0.0268093834
0.0281208692
0.0293721614
0.0304382925
0.0314272937
0.0325955293
0.0337617687
0.0347916396
0.0359991975
0.0372598752
0.0382019388
0.0392354930
0.0406533696
0.0419748481
0.0432010412
0.0446257458
0.0458826212
0.0469158834
0.0481865452
0.0494480079
0.0503304110
0.0512820433
0.0524931128
0.0534555286
0.0541763722
0.0552133835
0.0564385801
0.0573916240
0.0583695869
0.0596021130
0.0606857636
0.0616978965
0.0629330537
0.0639161264
0.0644955631
0.0653612368
0.0664879734
0.0671875732
0.0677600489
0.0687704707
0.0697312691
0.0704721069
0.0714138803
0.0721843823
0.0725128480
0.0730006637
0.0737839529
0.0743401154
0.0746427090
0.0750595384
0.0756045811
0.0761534314
0.0766560528
0.0769699358
0.0770956012
0.0772159533
0.0774361643
0.0776494717
0.0776667279
0.0776046460
0.0775825468
0.0775617644
0.0776803365
0.0777851138
0.0775853371
0.0773051301
0.0770635880
0.0766312497
0.0761800876
0.0759059068
0.0754434653
0.0747395422
0.0741816060
0.0736392346
0.0728640854
0.0721487288
0.0715190093
0.0706175067
0.0697252549
0.0691854389
0.0684050576
0.0671127444
0.0660204328
0.0651820487
0.0640859708
0.0630817490
0.0623569918
0.0613128978
0.0601031222
0.0592033075
0.0581177527
0.0566165179
0.0553591744
0.0544845919
0.0534928607
0.0523695372
0.0514176187
0.0504012601
0.0491407298
0.0480034434
0.0469279476
0.0457244122
0.0446888758
0.0436764476
0.0424184006
0.0412558996
0.0403035335
0.0393215932
0.0383817666
0.0375806185
0.0367156074
0.0356707990
0.0346866745
0.0339378372
0.0331123809
0.0321041937
0.0312348744
0.0304811296
0.0297432352
0.0291222450
0.0285018540
0.0277495221
0.0270407325
0.0265330277
0.0259594759
0.0251684007
0.0245110245
0.0239440571
0.0231916728
0.0225513856
0.0221371233
0.0216274884
0.0210340019
0.0206208770
0.0202980034
0.0197795085
0.0192526795
0.0189676956
0.0186322577
0.0181647791
0.0178151687
0.0173960558
0.0169059674
0.0166926742
0.0164678447
0.0160763369
0.0159191075
0.0156920076
0.0150374317
0.0145716304
0.0145483391
0.0143398431
0.0137521469
0.0132508747
0.0130522892
0.0129618726
0.0128738783
0.0127788165
0.0125517289
0.0122996545
0.0122625190
0.0120965136
0.0114764873
0.0109934819
0.0110287914
0.0110267606
0.0108410855
0.0109469567
0.0111612624
0.0110539257
0.0108764284
0.0106849429
0.0102726598
0.0100285573
0.0100438173
0.0098954112
0.0097367518
0.0097960842
0.0097313844
0.0094136602
0.0092677598
0.0093393663
0.0091544550
0.0088062300
0.0086439582
0.0084905057
0.0083090314
0.0082472567
0.0080895837
0.0078052421
0.0077319641
0.0078216266
0.0075890963
0.0070295279
0.0067492714
0.0067045370
0.0063609737
0.0060252134
0.0060457889
0.0059720737
0.0057087536
0.0056558428
0.0056078519
0.0052641588
0.0050124561
0.0049495277
0.0046788034
0.0043737524
0.0043795647
0.0044436668
0.0043945420
0.0043870303
0.0042934044
0.0040152784
0.0038426297
0.0038265008
0.0036752426
0.0035065817
0.0035622231
0.0034125856
0.0029631305
0.0028718330
0.0030379218
0.0029449957
0.0028281246
0.0027914719
0.0025080884
0.0021865693
0.0021527054
0.0021660441
0.0020978908
0.0020569914
0.0018415928
0.0014688622
0.0014361746
0.0015634185
0.0012197201
0.0008647719
0.0010173822
0.0009934945
0.0006473383
0.0006718988
0.0008348164
0.0006871827
0.0006839613
0.0009499107
0.0009451655
0.0007163392
0.0007100617
0.0008417979
0.0007831072
0.0005954665
0.0005009911
0.0003758001
0.0001716967
0.0000763655
-0.0000377651
-0.0001630038
-0.0000198328
0.0000563158
-0.0002597493
-0.0003742080
-0.0000655849
-0.0000194775
-0.0003260890
-0.0004620929
-0.0005004444
-0.0007319118
-0.0008614929
-0.0006726391
-0.0005140140
-0.0004860344
-0.0003599302
-0.0002730985
-0.0003770242
-0.0003869624
-0.0002100834
-0.0001952618
-0.0003787204
-0.0004424188
-0.0004261764
-0.0005249643
-0.0005036834
-0.0002781918
-0.0002725117
-0.0004680932
-0.0005591904
-0.0007264799
-0.0009141563
-0.0008314411
-0.0008730587
-0.0012787099
-0.0014883852
-0.0014044741
-0.0014774349
-0.0016458741
-0.0017829978
-0.0021263366
-0.0024287229
-0.0021744033
-0.0018353446
-0.0020469981
-0.0022509523
-0.0021078983
-0.0021500329
-0.0022818751
-0.0021739912
-0.0022124452
-0.0025014084
-0.0025997063
-0.0025850949
-0.0027001163
-0.0026784046
-0.0025059969
-0.0025246542
-0.0026880347
-0.0027178147
-0.0026876751
-0.0027586987
-0.0027321688
-0.0026286569
-0.0027042113
-0.0027331420
-0.0026502994
-0.0028437025
-0.0030858032
-0.0030141653
-0.0031224186
-0.0035100577
-0.0035824246
-0.0035252779
-0.0037124285
-0.0038219845
-0.0037433763
-0.0037044312
-0.0036232975
-0.0034859628
-0.0036443855
-0.0039875853
-0.0040808585
-0.0041515761
-0.0044344429
-0.0045140453
-0.0042566664
-0.0041796534
-0.0045267654
-0.0048895781
-0.0050083049
-0.0051001576
-0.0051819330
-0.0050925345
-0.0050651684
-0.0051524174
-0.0050316534
-0.0049547234
-0.0052326859
-0.0054127342
];
