avg_array = [
-0.0078704470
-0.0077714822
-0.0076660163
-0.0076580912
-0.0075741827
-0.0074919291
-0.0075419955
-0.0074685210
-0.0072900291
-0.0073972300
-0.0075130643
-0.0072068966
-0.0070477278
-0.0073622406
-0.0074729044
-0.0073186880
-0.0073537537
-0.0073071592
-0.0069482482
-0.0066584713
-0.0066011532
-0.0065049432
-0.0063628754
-0.0063480508
-0.0062773492
-0.0060571924
-0.0059517878
-0.0060130008
-0.0059218166
-0.0056532545
-0.0055270575
-0.0054066875
-0.0051349003
-0.0049825343
-0.0047911205
-0.0044319033
-0.0044531271
-0.0047276624
-0.0044906509
-0.0042101546
-0.0046053308
-0.0049168500
-0.0046625811
-0.0045074028
-0.0045754866
-0.0043808895
-0.0041059191
-0.0042177384
-0.0042885256
-0.0040546390
-0.0040871937
-0.0041564886
-0.0037815319
-0.0035508908
-0.0036685685
-0.0035668472
-0.0032941822
-0.0031570082
-0.0029087645
-0.0024232610
-0.0020625686
-0.0017882727
-0.0012179641
-0.0007270757
-0.0006074853
-0.0001812134
0.0006767417
0.0013107569
0.0018304374
0.0027526886
0.0037585632
0.0045517816
0.0056446382
0.0069974216
0.0080826157
0.0092319728
0.0107568069
0.0121723703
0.0133506602
0.0148360532
0.0166127115
0.0181110853
0.0196075516
0.0215583577
0.0234117964
0.0249862164
0.0268357173
0.0287344625
0.0302910974
0.0319775137
0.0338624108
0.0354589532
0.0370311539
0.0389196090
0.0406781435
0.0421515504
0.0437904976
0.0454014311
0.0465434990
0.0477459150
0.0493356266
0.0506966131
0.0516405455
0.0525199129
0.0533214090
0.0540210875
0.0548430940
0.0555233270
0.0558066933
0.0562427321
0.0568734915
0.0570882798
0.0572430579
0.0576241658
0.0575053330
0.0570694817
0.0569349541
0.0566041096
0.0560581493
0.0558204068
0.0554290568
0.0545196962
0.0536028048
0.0529201332
0.0521047168
0.0511210788
0.0502605313
0.0491656630
0.0476264834
0.0463648162
0.0455152713
0.0443920449
0.0430446121
0.0419219955
0.0407297733
0.0392513051
0.0379539622
0.0367347932
0.0350948060
0.0335206346
0.0323479227
0.0309196841
0.0293431184
0.0282470713
0.0270659310
0.0253175624
0.0237629403
0.0226184971
0.0212865733
0.0199623158
0.0189629345
0.0177665023
0.0163121830
0.0152313814
0.0143657351
0.0132213160
0.0120291405
0.0109394405
0.0097812551
0.0087258272
0.0079666447
0.0071601309
0.0059709238
0.0048098137
0.0040800457
0.0033889155
0.0025592903
0.0019524454
0.0013952828
0.0007561882
0.0004392360
0.0001385509
-0.0005908767
-0.0011716200
-0.0013588150
-0.0017436289
-0.0023160402
-0.0026599739
-0.0028932677
-0.0030938175
-0.0030660449
-0.0030398441
-0.0033539190
-0.0036705584
-0.0037173896
-0.0038563557
-0.0039909778
-0.0038062005
-0.0037181969
-0.0038750519
-0.0038290788
-0.0036093251
-0.0036270894
-0.0037799192
-0.0036735820
-0.0035831954
-0.0037696571
-0.0036959081
-0.0033895714
-0.0034199658
-0.0035518225
-0.0034154832
-0.0032996480
-0.0033621345
-0.0031912413
-0.0028224088
-0.0027514257
-0.0027746810
-0.0025885500
-0.0024411848
-0.0022761444
-0.0019447579
-0.0018201850
-0.0018631486
-0.0015978741
-0.0012363443
-0.0010898210
-0.0008608590
-0.0005063805
-0.0004873429
-0.0007593748
-0.0006728448
-0.0003099278
-0.0002878443
-0.0003149558
-0.0000094155
0.0002104653
0.0001896195
0.0002884617
0.0005241069
0.0005840652
0.0006199513
0.0007909388
0.0007896385
0.0007489216
0.0008255468
0.0006609630
0.0004974046
0.0007692448
0.0009267318
0.0006784113
0.0006604579
0.0007747168
0.0004692347
0.0001900791
0.0002301473
0.0000656887
-0.0002014388
-0.0000981928
-0.0000077695
-0.0002790331
-0.0004493936
-0.0003851682
-0.0005713806
-0.0009021444
-0.0008822993
-0.0007917759
-0.0009406132
-0.0009392967
-0.0009175784
-0.0014267934
-0.0020067108
-0.0020199895
-0.0019190019
-0.0021400888
-0.0023061587
-0.0023265897
-0.0024593486
-0.0024418552
-0.0023565296
-0.0027046282
-0.0030227483
-0.0028057181
-0.0027281724
-0.0031587616
-0.0034193142
-0.0034054136
-0.0036446220
-0.0039063712
-0.0038447963
-0.0037727922
-0.0036948230
-0.0034381558
-0.0035081765
-0.0039308425
-0.0039030621
-0.0036422931
-0.0038926211
-0.0041688109
-0.0039100886
-0.0036323823
-0.0037326738
-0.0038946556
-0.0039102358
-0.0038544982
-0.0037997832
-0.0037561973
-0.0036763951
-0.0036251082
-0.0034937818
-0.0033000742
-0.0034447671
-0.0036323190
-0.0035299136
-0.0035391344
-0.0035914680
-0.0035484387
-0.0037473772
-0.0039425242
-0.0036753581
-0.0034581823
-0.0038438554
-0.0041764386
-0.0039879095
-0.0039232325
-0.0040738656
-0.0039246523
-0.0038183576
-0.0040838438
-0.0042046040
-0.0041006958
-0.0041941301
-0.0043636453
-0.0043824747
-0.0044518518
-0.0045627207
-0.0045305973
-0.0046398890
-0.0049193461
-0.0049339132
-0.0048934953
-0.0051232063
-0.0052470274
-0.0051340670
-0.0052709439
-0.0056448730
-0.0057658728
-0.0058819455
-0.0062093438
-0.0062158167
-0.0060741364
-0.0063424228
-0.0065769552
-0.0064024993
-0.0064704262
-0.0070855398
-0.0074457844
-0.0073000132
-0.0073938666
-0.0076346072
-0.0074213644
-0.0072053174
-0.0073856263
-0.0074604439
-0.0074074550
-0.0076520251
-0.0079774618
-0.0080914991
-0.0080910765
-0.0079472534
-0.0077041385
-0.0078115513
-0.0082677359
-0.0083911380
];
