avg_array = [
-0.0208125010
-0.0204728794
-0.0202790795
-0.0203801890
-0.0203118896
-0.0201911279
-0.0203080243
-0.0203642156
-0.0202601900
-0.0203498566
-0.0205232271
-0.0203821264
-0.0202147381
-0.0203777105
-0.0203533795
-0.0199790643
-0.0199582430
-0.0201939191
-0.0200937749
-0.0199766014
-0.0201390381
-0.0201914173
-0.0201313286
-0.0202078439
-0.0201538948
-0.0199713595
-0.0200165432
-0.0201582023
-0.0202078957
-0.0202690718
-0.0203179380
-0.0201799038
-0.0198726751
-0.0196404970
-0.0195138328
-0.0193266445
-0.0191723658
-0.0190524280
-0.0186787724
-0.0182839819
-0.0182447360
-0.0182677372
-0.0181473875
-0.0179350984
-0.0175348798
-0.0171117132
-0.0169201716
-0.0166923379
-0.0160691735
-0.0154621126
-0.0152600837
-0.0148841330
-0.0141603257
-0.0136746299
-0.0132951095
-0.0126889013
-0.0121951570
-0.0118688992
-0.0112941244
-0.0105240463
-0.0098634561
-0.0090562497
-0.0079724309
-0.0071660134
-0.0065888646
-0.0055882338
-0.0043921877
-0.0035066630
-0.0026275034
-0.0015274679
-0.0005778214
0.0002026173
0.0012271648
0.0023956513
0.0034471726
0.0046867083
0.0061935950
0.0074875408
0.0085416914
0.0098130557
0.0113429400
0.0128757526
0.0143967944
0.0158878784
0.0172922747
0.0188269184
0.0205343208
0.0220940489
0.0235220908
0.0251561448
0.0268888810
0.0283797878
0.0298843101
0.0316683781
0.0333121767
0.0348254944
0.0366713555
0.0384954537
0.0400375064
0.0418031921
0.0436769496
0.0451628921
0.0466079028
0.0483970565
0.0502061348
0.0518548708
0.0535669238
0.0553063484
0.0568697499
0.0584106946
0.0599166521
0.0610801219
0.0623187817
0.0639609917
0.0653120843
0.0661858363
0.0672375535
0.0684828629
0.0693920722
0.0701410861
0.0711315729
0.0721035295
0.0729483344
0.0737298596
0.0742272882
0.0746614264
0.0753045196
0.0758055497
0.0760851836
0.0763817503
0.0765289071
0.0764474722
0.0763720739
0.0762889994
0.0760019598
0.0756571769
0.0754626535
0.0750903733
0.0745043042
0.0741937951
0.0738092227
0.0728263188
0.0718893839
0.0713802471
0.0705862675
0.0693789737
0.0683504527
0.0674639632
0.0664984809
0.0656014453
0.0646047114
0.0633216499
0.0620855986
0.0609519192
0.0596183767
0.0582215597
0.0570164969
0.0558394860
0.0544950671
0.0530861742
0.0516644542
0.0502106628
0.0489488968
0.0478281715
0.0463817721
0.0447962811
0.0436461331
0.0425409508
0.0408672095
0.0391671901
0.0381154247
0.0371596920
0.0358219417
0.0345899552
0.0334062458
0.0319789399
0.0308880889
0.0301491751
0.0290585278
0.0278658257
0.0270056436
0.0259841852
0.0247251806
0.0239259383
0.0234651344
0.0226454184
0.0216864343
0.0210086878
0.0202923784
0.0194834893
0.0189626380
0.0184977217
0.0177144759
0.0169554215
0.0165030175
0.0161052948
0.0155926314
0.0151020288
0.0146708364
0.0141884103
0.0138164978
0.0135473867
0.0130670565
0.0125654469
0.0123055782
0.0120779771
0.0118478422
0.0116993385
0.0114440864
0.0111715050
0.0111419099
0.0110747431
0.0108118322
0.0106815964
0.0106565154
0.0105011036
0.0102252669
0.0099853215
0.0098077084
0.0094430679
0.0091501907
0.0092707778
0.0092145372
0.0088596499
0.0088728807
0.0090916006
0.0089941074
0.0088462247
0.0089063291
0.0088354190
0.0086260755
0.0085771548
0.0084267453
0.0080403272
0.0079542429
0.0081932160
0.0081933070
0.0080581765
0.0080836678
0.0080190046
0.0079063553
0.0079881539
0.0079536296
0.0076988848
0.0076788104
0.0077939429
0.0075134073
0.0070831253
0.0070487237
0.0072335650
0.0072668450
0.0071608176
0.0069898870
0.0067937826
0.0067693088
0.0069534707
0.0069948838
0.0068352045
0.0068042644
0.0067857130
0.0065625071
0.0064320010
0.0063496789
0.0060142755
0.0058721300
0.0060287009
0.0058285370
0.0055463024
0.0057377715
0.0058735814
0.0057412307
0.0057843774
0.0057627471
0.0053801543
0.0051143331
0.0052233443
0.0051994034
0.0048780081
0.0048631295
0.0051008974
0.0049404448
0.0046516596
0.0046475899
0.0045879647
0.0044690200
0.0045279422
0.0044471872
0.0041938265
0.0042288132
0.0043847219
0.0043402142
0.0044410416
0.0045736631
0.0042483014
0.0038666444
0.0037898195
0.0035733165
0.0031179657
0.0028521522
0.0027994424
0.0026975028
0.0025795475
0.0024718565
0.0022032853
0.0018585850
0.0016049266
0.0013368977
0.0010801793
0.0010361583
0.0011248998
0.0010836395
0.0009128840
0.0007734625
0.0006279970
0.0005372045
0.0006104369
0.0004856664
0.0000390342
-0.0001727722
-0.0000788675
-0.0001415270
-0.0002496694
-0.0002048117
-0.0003977352
-0.0009410364
-0.0013273712
-0.0014413788
-0.0016520807
-0.0018061452
-0.0016805588
-0.0017785444
-0.0022122368
-0.0023422008
-0.0022125499
-0.0023716306
-0.0026674575
-0.0027729006
-0.0028810186
-0.0031726390
-0.0034291305
-0.0035870252
-0.0038486205
-0.0040312915
-0.0039740804
-0.0039690542
-0.0040596729
-0.0041030559
-0.0043039247
-0.0046236011
-0.0046494063
-0.0046937862
-0.0052079068
-0.0056350874
-0.0056992180
-0.0057699056
-0.0057229102
-0.0054964536
-0.0054933960
-0.0057021998
-0.0057836808
-0.0058459983
-0.0060321499
-0.0060786074
-0.0060286562
-0.0061516316
-0.0062862253
-0.0062215294
-0.0062723381
-0.0067484585
-0.0070557593
-0.0068434751
-0.0068555112
-0.0071176027
-0.0071101133
-0.0073176749
-0.0077962178
-0.0078143372
-0.0077164876
-0.0080337086
-0.0082789083
-0.0083174438
-0.0085795329
-0.0088555349
-0.0088275701
-0.0089014539
-0.0091242666
-0.0090835335
-0.0091504891
-0.0096724226
-0.0101037473
-0.0102039039
-0.0103117449
-0.0103493193
-0.0101605973
-0.0101500178
-0.0104270965
-0.0104825275
-0.0102727851
-0.0103031466
-0.0105987297
-0.0107771614
-0.0108046327
];
