avg_array = [
-0.0141453017
-0.0140757153
-0.0136694845
-0.0131086534
-0.0127037702
-0.0124349782
-0.0122884376
-0.0122014471
-0.0118600790
-0.0113427927
-0.0109641367
-0.0105213782
-0.0098650254
-0.0092624953
-0.0088023217
-0.0083887799
-0.0079532091
-0.0074386098
-0.0068854694
-0.0062548223
-0.0055335083
-0.0049179359
-0.0044266481
-0.0039049928
-0.0032533428
-0.0025019364
-0.0019152582
-0.0015792559
-0.0012885217
-0.0010276720
-0.0008720363
-0.0007830615
-0.0006324321
-0.0003680813
-0.0002977059
-0.0005580237
-0.0007732380
-0.0007340916
-0.0005515421
-0.0003389701
-0.0002480272
-0.0003945679
-0.0007351014
-0.0011602352
-0.0015476897
-0.0017256334
-0.0015661279
-0.0012525514
-0.0011340829
-0.0012896869
-0.0015642037
-0.0017755579
-0.0018390071
-0.0018408803
-0.0018130496
-0.0017283545
-0.0017661649
-0.0019145780
-0.0018999076
-0.0017762596
-0.0015786602
-0.0012441567
-0.0010563108
-0.0010860169
-0.0010827654
-0.0009348693
-0.0004998887
0.0002549273
0.0009217618
0.0011974956
0.0013724465
0.0017548368
0.0022895871
0.0028991791
0.0035816185
0.0042508041
0.0047467181
0.0051605674
0.0056901165
0.0061413734
0.0064125673
0.0067919483
0.0072333795
0.0074647177
0.0076570047
0.0079389853
0.0081057352
0.0083095192
0.0086951667
0.0088093101
0.0085724974
0.0084728651
0.0084832041
0.0083431016
0.0081751497
0.0080099236
0.0077212224
0.0073279394
0.0068852415
0.0064176855
0.0061308479
0.0062097035
0.0062530009
0.0059917877
0.0058844892
0.0060107751
0.0060002570
0.0059346558
0.0060062341
0.0060191272
0.0058721591
0.0058850075
0.0061273880
0.0062976268
0.0065378440
0.0070714997
0.0075123344
0.0077053087
0.0080622414
0.0086329797
0.0091629002
0.0097579383
0.0106136796
0.0115941976
0.0124938839
0.0134801525
0.0147431123
0.0159371328
0.0168687078
0.0179408291
0.0192091651
0.0202757059
0.0212065166
0.0222522445
0.0232060122
0.0238863660
0.0243830553
0.0248602382
0.0254855607
0.0260690781
0.0263380176
0.0265115055
0.0267627129
0.0269052920
0.0269916017
0.0271537967
0.0271190450
0.0267999883
0.0264610734
0.0260843081
0.0256012265
0.0251653398
0.0248266952
0.0245092265
0.0241494019
0.0237241987
0.0231902158
0.0225499099
0.0220330352
0.0218183414
0.0215465567
0.0208022389
0.0199139898
0.0192521288
0.0186608161
0.0181352470
0.0177579494
0.0174521114
0.0172094878
0.0168439225
0.0161921832
0.0155965918
0.0153680210
0.0152765192
0.0149978818
0.0145812622
0.0142192424
0.0139361336
0.0137553523
0.0136757748
0.0134655874
0.0130711778
0.0127528680
0.0125832961
0.0125379425
0.0126962791
0.0129783254
0.0131743236
0.0132389546
0.0133757048
0.0136739414
0.0138880768
0.0139698165
0.0142202880
0.0146293195
0.0148752592
0.0149858405
0.0152611106
0.0157203033
0.0161152594
0.0163716936
0.0167238688
0.0172686633
0.0177182462
0.0178969270
0.0179528033
0.0179411334
0.0178385849
0.0178122619
0.0179709420
0.0181007058
0.0179574555
0.0176818933
0.0174461127
0.0171318045
0.0168355593
0.0166558838
0.0163528229
0.0158980732
0.0154175239
0.0149484450
0.0145428808
0.0140898955
0.0135716768
0.0131866700
0.0128020610
0.0122205413
0.0117403172
0.0116015171
0.0115447019
0.0113564619
0.0111813266
0.0110700854
0.0107724870
0.0103756931
0.0101875768
0.0099671817
0.0096338914
0.0094933427
0.0094166472
0.0093319222
0.0094132928
0.0095444476
0.0096146601
0.0096305103
0.0095946457
0.0096385884
0.0098025398
0.0100977281
0.0106426932
0.0111759622
0.0114670434
0.0118211878
0.0121137918
0.0120087106
0.0119714164
0.0122623526
0.0124355170
0.0123128868
0.0120600809
0.0118863221
0.0118157390
0.0115410350
0.0109744270
0.0104447328
0.0101343322
0.0098600478
0.0094157087
0.0088139870
0.0082433899
0.0077889827
0.0072573234
0.0065684747
0.0059132270
0.0054448417
0.0050995184
0.0046166059
0.0039817301
0.0034901178
0.0032283121
0.0031665290
0.0031995898
0.0029906150
0.0024955368
0.0020958532
0.0020509314
0.0021509873
0.0020747766
0.0018848231
0.0016257822
0.0012602733
0.0010206016
0.0010573596
0.0011940549
0.0011703753
0.0010724457
0.0010367147
0.0008737835
0.0008010208
0.0011053674
0.0013388311
0.0012219162
0.0010084382
0.0008365360
0.0006834898
0.0005618092
0.0005936679
0.0006853858
0.0005366643
0.0003369393
0.0003426855
0.0003735579
0.0003645402
0.0002923810
0.0001232442
-0.0000084593
-0.0001294492
-0.0002895686
-0.0004792974
-0.0007606662
-0.0010149726
-0.0010253032
-0.0008217039
-0.0007564515
-0.0011166924
-0.0016147381
-0.0017625033
-0.0016824061
-0.0016555906
-0.0015391000
-0.0013914311
-0.0014427311
-0.0014996743
-0.0012455963
-0.0008035753
-0.0004729756
-0.0001750746
0.0001929966
0.0004360033
0.0004201547
0.0002662637
0.0002699444
0.0005096827
0.0006044585
0.0004319320
0.0003507456
0.0004590591
0.0007377430
0.0011892403
0.0014962257
0.0015649022
0.0016969804
0.0019766428
0.0022280457
0.0023219699
0.0023801115
0.0025649957
0.0027232882
0.0027158783
0.0026955362
0.0027768167
0.0028698659
0.0028918047
0.0028067928
0.0025272388
0.0021444255
0.0018515664
0.0015577794
0.0011314498
0.0007002879
0.0004189478
0.0001903769
-0.0001857677
-0.0006890494
-0.0011655971
-0.0015843770
-0.0019699803
-0.0023067994
-0.0026947172
-0.0030833851
-0.0032517352
-0.0034431033
-0.0038812596
-0.0042816942
-0.0045486952
-0.0048573745
-0.0052275542
-0.0055378599
-0.0057936847
-0.0061253442
-0.0064658806
-0.0067085525
-0.0069902848
-0.0073846699
-0.0077219131
-0.0079256205
-0.0081119076
-0.0083488643
-0.0086120520
-0.0088396081
-0.0089911468
-0.0091799440
-0.0094423271
-0.0095029920
-0.0093213478
-0.0092400614
-0.0093862380
-0.0096268647
-0.0097646230
-0.0097001956
-0.0096441844
-0.0097711560
-0.0098390573
-0.0096925115
-0.0096425379
-0.0097787043
-0.0099172361
-0.0101073837
-0.0102628336
-0.0102913581
-0.0103276211
-0.0103112605
-0.0102814088
-0.0104707222
-0.0107537624
-0.0108745285
];
