avg_array = [
-0.0196741689
-0.0195246986
-0.0194714952
-0.0195419124
-0.0194810355
-0.0193316436
-0.0191979645
-0.0190871824
-0.0191056204
-0.0190973996
-0.0188859839
-0.0187525616
-0.0187814866
-0.0186934133
-0.0183620140
-0.0178799115
-0.0174862396
-0.0172494529
-0.0169842215
-0.0166732338
-0.0164198809
-0.0161432035
-0.0157634563
-0.0154353517
-0.0152249307
-0.0149265598
-0.0144884104
-0.0140820920
-0.0137498986
-0.0134199562
-0.0130436622
-0.0125772544
-0.0120072750
-0.0114358520
-0.0110060404
-0.0106550202
-0.0102784939
-0.0098393778
-0.0091768126
-0.0084320618
-0.0078833654
-0.0073336934
-0.0067357541
-0.0063434596
-0.0060665562
-0.0056085860
-0.0048882977
-0.0041343838
-0.0034622152
-0.0026982863
-0.0019594359
-0.0014521915
-0.0009249379
-0.0002436415
0.0003422710
0.0008632703
0.0015546444
0.0022280713
0.0026302865
0.0029345435
0.0032515180
0.0035283640
0.0039127904
0.0044306167
0.0049663090
0.0056376326
0.0064169703
0.0070006563
0.0073662660
0.0077690958
0.0083002721
0.0088943827
0.0095068483
0.0100565213
0.0105229212
0.0110104831
0.0115214338
0.0120167262
0.0126395579
0.0134105604
0.0140533788
0.0145466234
0.0151522175
0.0158203146
0.0163591544
0.0168075460
0.0172380904
0.0176565238
0.0180881229
0.0186366632
0.0193149446
0.0199416902
0.0205020694
0.0211911527
0.0220550730
0.0229472599
0.0238302836
0.0246833224
0.0253164959
0.0258252443
0.0264645926
0.0271183102
0.0275942428
0.0279658811
0.0284413732
0.0290340012
0.0294594976
0.0297243914
0.0301911585
0.0308003954
0.0313791767
0.0321209759
0.0329335793
0.0335469087
0.0342054654
0.0350716162
0.0357513147
0.0361627808
0.0366824335
0.0373014129
0.0377437178
0.0380868670
0.0385930940
0.0392861378
0.0399665973
0.0404938775
0.0408742191
0.0412340171
0.0417882768
0.0425056655
0.0430797020
0.0433948339
0.0436623070
0.0441291666
0.0446550955
0.0449348462
0.0451002789
0.0453538795
0.0455866657
0.0456604894
0.0455338999
0.0453538507
0.0453159391
0.0453366651
0.0452835437
0.0452747901
0.0453097005
0.0452041833
0.0450381172
0.0449071576
0.0447131081
0.0444059621
0.0439639322
0.0435152076
0.0432265406
0.0428764155
0.0422313616
0.0415622545
0.0412076253
0.0410732218
0.0408738708
0.0404697675
0.0399511465
0.0395306686
0.0391900397
0.0388880760
0.0387697625
0.0386621004
0.0383687318
0.0381232106
0.0380219366
0.0378313671
0.0374393174
0.0369906295
0.0367067110
0.0365826431
0.0363039124
0.0357732127
0.0352878780
0.0349961249
0.0347593872
0.0344081723
0.0339297241
0.0335700404
0.0335000738
0.0334790370
0.0331926828
0.0326957595
0.0322528221
0.0319682307
0.0317699229
0.0315069459
0.0310569005
0.0305206365
0.0300813965
0.0296989001
0.0292256496
0.0286975248
0.0282630931
0.0278734660
0.0274549920
0.0271650113
0.0270223299
0.0268114432
0.0264650927
0.0260704029
0.0255720720
0.0250391380
0.0248073529
0.0246239518
0.0239919971
0.0232483618
0.0227835551
0.0223747449
0.0217294875
0.0208908107
0.0201733077
0.0196182287
0.0191171926
0.0187655308
0.0183737098
0.0177277055
0.0170412569
0.0163504334
0.0155470483
0.0148345243
0.0142643079
0.0135819677
0.0127816123
0.0121040236
0.0115673213
0.0110144041
0.0104388969
0.0098858233
0.0093791784
0.0089830946
0.0086211315
0.0081631316
0.0076689255
0.0072253572
0.0067418421
0.0062228741
0.0058610672
0.0055097704
0.0050022214
0.0046604304
0.0045620081
0.0044073646
0.0042298377
0.0042738254
0.0044291532
0.0044531798
0.0044264843
0.0044215317
0.0043598280
0.0041995926
0.0039174339
0.0036366920
0.0033937730
0.0030950517
0.0027856709
0.0024175436
0.0019822596
0.0015961230
0.0012583434
0.0009740706
0.0006885316
0.0003431003
0.0000506658
-0.0001847136
-0.0006020876
-0.0013477466
-0.0021573220
-0.0027185191
-0.0031417297
-0.0035431916
-0.0037997976
-0.0040227780
-0.0043755336
-0.0047292798
-0.0049704665
-0.0049821343
-0.0047248864
-0.0044203141
-0.0040686197
-0.0035446653
-0.0031119796
-0.0029007027
-0.0025473999
-0.0019990060
-0.0016034558
-0.0014492989
-0.0014241899
-0.0012917767
-0.0009103802
-0.0004849239
-0.0001661263
0.0000517794
0.0001979803
0.0003546166
0.0005873118
0.0009072557
0.0012300987
0.0013813334
0.0013368039
0.0012853976
0.0013366238
0.0013574588
0.0011536378
0.0007537700
0.0002336747
-0.0004121120
-0.0009868520
-0.0013465480
-0.0015989361
-0.0018251210
-0.0020677855
-0.0023226824
-0.0025806981
-0.0028572822
-0.0030663887
-0.0032312749
-0.0035120238
-0.0037960184
-0.0038017166
-0.0036133127
-0.0035473510
-0.0036134926
-0.0035868825
-0.0033527172
-0.0029568998
-0.0025389378
-0.0022271944
-0.0020031055
-0.0016785182
-0.0012664268
-0.0010940890
-0.0010995848
-0.0009898256
-0.0009711618
-0.0010827317
-0.0010227008
-0.0010124552
-0.0012093405
-0.0012805006
-0.0012406679
-0.0012532005
-0.0013563215
-0.0016710050
-0.0019928679
-0.0021266425
-0.0023221032
-0.0026404915
-0.0029387679
-0.0033815565
-0.0040612060
-0.0047317785
-0.0052841834
-0.0057258559
-0.0060372666
-0.0063626694
-0.0067925738
-0.0072686122
-0.0076786083
-0.0079380034
-0.0082844922
-0.0089039555
-0.0095681948
-0.0100874747
-0.0104424695
-0.0107318936
-0.0112070051
-0.0118791324
-0.0123990064
-0.0126517475
-0.0129428211
-0.0134166357
-0.0138476270
-0.0140706197
-0.0142128100
-0.0144059031
-0.0145440792
-0.0146182677
-0.0148547240
-0.0152363270
-0.0156140948
-0.0159595372
-0.0160840533
-0.0160020651
-0.0160145258
-0.0160407774
-0.0159115977
-0.0157464836
-0.0155542786
-0.0153374344
-0.0151587433
-0.0148531160
-0.0144797144
-0.0142925041
-0.0141374647
-0.0138265130
-0.0133906763
-0.0129035585
-0.0125170256
-0.0122282896
-0.0119699087
-0.0118786416
-0.0119523821
-0.0120033372
-0.0119984527
-0.0119842409
-0.0119546058
-0.0119962262
-0.0123161893
-0.0128953311
-0.0134217436
-0.0137606538
-0.0140091448
-0.0142316130
-0.0144267425
-0.0145830416
-0.0148705096
-0.0153219263
-0.0155918147
-0.0157469009
-0.0160155136
-0.0161653800
-0.0162341498
-0.0164418819
-0.0166729896
-0.0168261395
-0.0170114460
-0.0172701812
-0.0172705818
];
