avg_array = [
-0.0249719166
-0.0247920830
-0.0246808481
-0.0248484411
-0.0247977991
-0.0246790247
-0.0247953655
-0.0246913899
-0.0243189930
-0.0241886967
-0.0241702831
-0.0238396303
-0.0234282665
-0.0233693839
-0.0234578423
-0.0232437488
-0.0228524615
-0.0226507190
-0.0226336805
-0.0225548700
-0.0222449345
-0.0218670213
-0.0216591005
-0.0214314787
-0.0209039990
-0.0203238293
-0.0200014328
-0.0196433567
-0.0191367660
-0.0188396272
-0.0186696008
-0.0183622076
-0.0179855910
-0.0176040390
-0.0172190906
-0.0168336208
-0.0162667691
-0.0154243897
-0.0145616411
-0.0137394597
-0.0128448324
-0.0121070123
-0.0116715312
-0.0112426098
-0.0106082300
-0.0100012127
-0.0094929378
-0.0088644069
-0.0083041642
-0.0079437337
-0.0074980337
-0.0068763564
-0.0061907071
-0.0055830414
-0.0051137367
-0.0046193472
-0.0038956984
-0.0030566546
-0.0024878422
-0.0021719363
-0.0017208735
-0.0011405629
-0.0007315741
-0.0004984551
-0.0002802884
0.0000279441
0.0004990027
0.0009561217
0.0012821255
0.0017045232
0.0022502281
0.0026587808
0.0029428760
0.0034222701
0.0041043956
0.0047818800
0.0055462358
0.0064172971
0.0072559742
0.0080088008
0.0085963330
0.0092040193
0.0101450904
0.0112850957
0.0123955591
0.0134464510
0.0144180765
0.0155142835
0.0169345460
0.0183651568
0.0194162051
0.0201214042
0.0207717789
0.0215479001
0.0222271170
0.0226023435
0.0229681466
0.0234591189
0.0238836310
0.0243935682
0.0250732450
0.0256587227
0.0260928553
0.0264403754
0.0266584856
0.0267502687
0.0268686652
0.0270958381
0.0271900207
0.0270008098
0.0268219652
0.0269619488
0.0272528441
0.0274402310
0.0277211717
0.0281538598
0.0285075604
0.0289281072
0.0295556182
0.0301834278
0.0307629601
0.0313366330
0.0318114728
0.0322239999
0.0327645910
0.0334299721
0.0339804144
0.0344394785
0.0350018582
0.0356087535
0.0363372494
0.0373393372
0.0384072655
0.0393542819
0.0402575525
0.0411507278
0.0420421708
0.0430408336
0.0440409838
0.0448659616
0.0455965692
0.0462136640
0.0466833691
0.0472076779
0.0478006356
0.0483383446
0.0488385300
0.0492656693
0.0495394380
0.0497082639
0.0498893095
0.0499637228
0.0496741836
0.0492114228
0.0488183778
0.0482410973
0.0475294872
0.0470386313
0.0465721477
0.0459724135
0.0455312992
0.0451450752
0.0445456436
0.0440865513
0.0439256564
0.0435923627
0.0430491346
0.0426547781
0.0423701201
0.0420621611
0.0418458519
0.0417379505
0.0416581991
0.0416191985
0.0416468940
0.0418422318
0.0421197701
0.0422290769
0.0423068615
0.0425449475
0.0429304893
0.0434489159
0.0439753947
0.0444202932
0.0447859028
0.0451299633
0.0455714109
0.0459482141
0.0460643867
0.0461957877
0.0465654909
0.0469893123
0.0473031034
0.0474811470
0.0475051067
0.0474415531
0.0474411923
0.0473678598
0.0470008525
0.0465310494
0.0461364095
0.0457506464
0.0453680444
0.0450823611
0.0449176112
0.0447585544
0.0445447586
0.0442199507
0.0436139402
0.0428125621
0.0421742985
0.0417157532
0.0412272835
0.0407192284
0.0401689837
0.0396087072
0.0391209098
0.0385849181
0.0380618104
0.0375570058
0.0368185932
0.0359410616
0.0351238524
0.0343885126
0.0337471947
0.0329844316
0.0319650221
0.0309484826
0.0301090518
0.0293383178
0.0286161322
0.0280546664
0.0274421797
0.0265853763
0.0257903495
0.0251713750
0.0244797503
0.0237902941
0.0233276403
0.0228528815
0.0222777610
0.0219390616
0.0216215201
0.0210391577
0.0204549049
0.0200327326
0.0196520426
0.0192257083
0.0190122851
0.0189078125
0.0184099771
0.0178221041
0.0175967151
0.0175472096
0.0174962908
0.0174240196
0.0172780126
0.0169778420
0.0165787482
0.0163028690
0.0161256113
0.0158731847
0.0155216908
0.0150096936
0.0143240291
0.0136423660
0.0130499484
0.0123877854
0.0116430493
0.0110075672
0.0103335998
0.0094277813
0.0084908827
0.0076052229
0.0066765836
0.0057109573
0.0047635561
0.0038577954
0.0029567956
0.0021565190
0.0013686478
0.0004214747
-0.0002722061
-0.0006461323
-0.0012534094
-0.0019160939
-0.0023272064
-0.0027928974
-0.0032227795
-0.0035212916
-0.0039972853
-0.0045030235
-0.0048057727
-0.0050112023
-0.0051867454
-0.0053312771
-0.0054969426
-0.0058041433
-0.0061647634
-0.0062506330
-0.0060638093
-0.0058857432
-0.0057634190
-0.0057360115
-0.0057755254
-0.0055668258
-0.0051641528
-0.0048382461
-0.0044755739
-0.0040607493
-0.0038807814
-0.0039461528
-0.0038638686
-0.0035248161
-0.0032784954
-0.0032495252
-0.0032847796
-0.0033222065
-0.0033025527
-0.0032053790
-0.0031113613
-0.0029918288
-0.0028581898
-0.0027801093
-0.0026824843
-0.0026903059
-0.0029478808
-0.0030802914
-0.0029275527
-0.0028862969
-0.0029588851
-0.0028194541
-0.0025203461
-0.0023407705
-0.0023283541
-0.0023400038
-0.0023852057
-0.0025076181
-0.0027449965
-0.0031189531
-0.0034145157
-0.0035514441
-0.0037555503
-0.0041939122
-0.0047830322
-0.0053022776
-0.0057092255
-0.0060299561
-0.0063379280
-0.0069086388
-0.0076695065
-0.0082965534
-0.0088917135
-0.0095963264
-0.0101819105
-0.0104876359
-0.0106546897
-0.0108288222
-0.0110889400
-0.0114109286
-0.0114672950
-0.0111059026
-0.0108290932
-0.0110407948
-0.0114622579
-0.0117917159
-0.0120281402
-0.0121066040
];
