avg_array = [
-0.0381748359
-0.0381113708
-0.0379325881
-0.0377429507
-0.0374629697
-0.0373097152
-0.0373174240
-0.0372583874
-0.0373036527
-0.0373927691
-0.0371146897
-0.0367040536
-0.0365994277
-0.0366769975
-0.0367917339
-0.0368601599
-0.0366621729
-0.0364392019
-0.0365334099
-0.0367291101
-0.0368656794
-0.0369869798
-0.0370979426
-0.0373112456
-0.0375212246
-0.0375503913
-0.0375181807
-0.0373896842
-0.0372501047
-0.0374204530
-0.0376365218
-0.0374874276
-0.0371333362
-0.0368684005
-0.0366847195
-0.0363753153
-0.0359335091
-0.0355302629
-0.0350137498
-0.0341903205
-0.0333242436
-0.0325299350
-0.0316285350
-0.0307302006
-0.0299193184
-0.0290208175
-0.0278680275
-0.0263995289
-0.0249024880
-0.0235625979
-0.0219321489
-0.0199150161
-0.0178376867
-0.0155343532
-0.0129943459
-0.0104494914
-0.0077552422
-0.0048968301
-0.0020064504
0.0009670447
0.0040530179
0.0072563272
0.0105075884
0.0137077282
0.0170048601
0.0205338660
0.0241694013
0.0278259245
0.0314355675
0.0350125116
0.0387998945
0.0426935887
0.0464939247
0.0504090134
0.0543826494
0.0581639027
0.0618711398
0.0656061377
0.0692614785
0.0728448566
0.0764172923
0.0799597550
0.0834136227
0.0866588331
0.0897289090
0.0928306019
0.0958972131
0.0986065017
0.1009631821
0.1033849798
0.1058522785
0.1078055767
0.1093278511
0.1108235239
0.1120789318
0.1130973091
0.1142441566
0.1154333118
0.1163920560
0.1171307871
0.1177247825
0.1181420141
0.1184885372
0.1187235243
0.1185974334
0.1183599578
0.1182454896
0.1179755143
0.1175333455
0.1170457124
0.1164158849
0.1157333195
0.1151507450
0.1145374963
0.1137080397
0.1127312915
0.1117335752
0.1107055569
0.1097632781
0.1089272825
0.1079144790
0.1066371730
0.1052324540
0.1039102984
0.1029082207
0.1020733652
0.1010130499
0.0996656575
0.0983296510
0.0971358497
0.0958115216
0.0943544387
0.0930411062
0.0917469075
0.0902913143
0.0887946354
0.0873715532
0.0860931796
0.0849164202
0.0836684127
0.0824967162
0.0816335520
0.0807796480
0.0795480282
0.0780989282
0.0769188954
0.0761442740
0.0754172589
0.0745396696
0.0735585255
0.0723932674
0.0711341599
0.0700450598
0.0691425014
0.0682892843
0.0673736062
0.0663118353
0.0651760540
0.0641563941
0.0632309185
0.0622403044
0.0612182853
0.0603586292
0.0597208792
0.0590127393
0.0580836981
0.0572484386
0.0566036092
0.0558803386
0.0548936775
0.0537543611
0.0528230158
0.0520924165
0.0512606337
0.0504102434
0.0496149200
0.0486671979
0.0476300181
0.0468268307
0.0462023329
0.0454862035
0.0447654460
0.0440715328
0.0432406896
0.0423179026
0.0413884382
0.0404968981
0.0396504588
0.0388510790
0.0381530165
0.0373813465
0.0364605482
0.0356635042
0.0349991939
0.0342435505
0.0334217641
0.0326194128
0.0318315170
0.0310706673
0.0302986653
0.0296250223
0.0290951661
0.0283672194
0.0275038919
0.0269422163
0.0265460070
0.0260310759
0.0254904765
0.0250171580
0.0245853853
0.0240488853
0.0234245688
0.0229794150
0.0226434744
0.0222616717
0.0218201930
0.0212102406
0.0206074457
0.0202159606
0.0198655237
0.0194943502
0.0191795166
0.0188527383
0.0184660972
0.0179611713
0.0172937733
0.0166521277
0.0160475784
0.0153898431
0.0149335967
0.0145560237
0.0139052833
0.0132848385
0.0129165157
0.0125728591
0.0121683519
0.0117032679
0.0113093673
0.0112239715
0.0112997928
0.0112832771
0.0111390541
0.0108334232
0.0104578546
0.0101364253
0.0099459567
0.0099618286
0.0099652394
0.0097372845
0.0094383946
0.0092264919
0.0089561626
0.0085903902
0.0083482714
0.0082015953
0.0080169691
0.0078726023
0.0077853484
0.0075520102
0.0070155828
0.0063798971
0.0059750818
0.0058196367
0.0056214957
0.0052936784
0.0050917743
0.0049151403
0.0044956904
0.0041270265
0.0040761295
0.0041390584
0.0041250668
0.0039594358
0.0036408810
0.0032821358
0.0029653806
0.0026569098
0.0022827629
0.0018932772
0.0015674966
0.0012925963
0.0010479937
0.0007555499
0.0003935980
0.0000590607
-0.0001296546
-0.0001001432
-0.0001233355
-0.0004632460
-0.0008631351
-0.0010863848
-0.0011983727
-0.0013257910
-0.0015963553
-0.0018666471
-0.0020395413
-0.0024347410
-0.0029216083
-0.0029780690
-0.0027614046
-0.0026905743
-0.0028424430
-0.0031962584
-0.0034733799
-0.0034697517
-0.0035426292
-0.0037713572
-0.0037175169
-0.0034431378
-0.0034111392
-0.0035383033
-0.0034846855
-0.0033142320
-0.0032442251
-0.0032546419
-0.0031981855
-0.0031105816
-0.0030477512
-0.0030494854
-0.0032916789
-0.0036063503
-0.0036887737
-0.0037569564
-0.0039762620
-0.0040623781
-0.0040170424
-0.0042121718
-0.0046268334
-0.0050270536
-0.0053491733
-0.0054067265
-0.0053055346
-0.0054559604
-0.0057427404
-0.0059523141
-0.0062488813
-0.0065721842
-0.0066657014
-0.0065604669
-0.0064540311
-0.0063870125
-0.0063532014
-0.0065256983
-0.0067983570
-0.0067558619
-0.0064836323
-0.0064185936
-0.0065779304
-0.0066736366
-0.0066939502
-0.0068176020
-0.0069652176
-0.0069881679
-0.0070060295
-0.0071223138
-0.0071762245
-0.0071101494
-0.0072240139
-0.0076024233
-0.0078863791
-0.0079765559
-0.0081002018
-0.0082670160
-0.0082280874
-0.0080019189
-0.0080005424
-0.0082091883
-0.0083267451
-0.0085586531
-0.0089428357
-0.0091121375
-0.0090747530
-0.0090664151
-0.0092172023
-0.0095385696
-0.0098809870
-0.0102351103
-0.0106798820
-0.0110267555
-0.0111460932
-0.0111124884
-0.0110506483
-0.0112142453
-0.0115501174
-0.0116992442
-0.0117407771
-0.0119349034
-0.0121168731
-0.0121544474
-0.0122378094
-0.0124109695
-0.0125762160
-0.0127829207
-0.0131943697
-0.0137111597
-0.0139251415
-0.0139143713
-0.0141200249
-0.0145132568
-0.0148804252
-0.0151500739
-0.0152900607
-0.0153973089
-0.0155983413
-0.0158521210
-0.0159950447
-0.0159951485
];
