avg_array = [
-0.0234280010
-0.0225370920
-0.0216368185
-0.0212992243
-0.0210285658
-0.0201985389
-0.0192426607
-0.0187325932
-0.0185373459
-0.0181869057
-0.0177505647
-0.0176049154
-0.0175274882
-0.0172478500
-0.0168969340
-0.0164705602
-0.0160090182
-0.0157330269
-0.0155189825
-0.0151466628
-0.0148296172
-0.0147890755
-0.0148552239
-0.0148273147
-0.0147624478
-0.0148175541
-0.0149721419
-0.0151169870
-0.0152515032
-0.0153365888
-0.0153744282
-0.0155064424
-0.0157528660
-0.0159499108
-0.0161000568
-0.0163245237
-0.0165116135
-0.0166535531
-0.0167596262
-0.0166582046
-0.0165429388
-0.0165687403
-0.0165129364
-0.0165322037
-0.0168938681
-0.0173243025
-0.0175304078
-0.0175431571
-0.0175102004
-0.0175560536
-0.0176338384
-0.0175832806
-0.0173876630
-0.0172899340
-0.0174410815
-0.0176013343
-0.0176353835
-0.0177238664
-0.0177133797
-0.0174384141
-0.0173884083
-0.0175785700
-0.0174094273
-0.0172527388
-0.0176123322
-0.0178412550
-0.0176142935
-0.0174493674
-0.0174680025
-0.0174663955
-0.0174733807
-0.0175269713
-0.0175035354
-0.0173390360
-0.0171559765
-0.0170743399
-0.0170936205
-0.0169953101
-0.0166499831
-0.0163796024
-0.0163737526
-0.0164736765
-0.0165264209
-0.0164175369
-0.0162577005
-0.0161913462
-0.0160689020
-0.0159596393
-0.0160307335
-0.0159509104
-0.0156416475
-0.0153931143
-0.0150171165
-0.0143901774
-0.0137463371
-0.0130683896
-0.0123298987
-0.0117107127
-0.0111695877
-0.0103668948
-0.0092326416
-0.0081219279
-0.0070518942
-0.0057066060
-0.0041834957
-0.0026993055
-0.0011103645
0.0006814977
0.0025756940
0.0045190571
0.0065039331
0.0085687518
0.0107835271
0.0132218251
0.0158353252
0.0183760240
0.0207538425
0.0232536060
0.0261116376
0.0291032924
0.0320301075
0.0350626126
0.0382486476
0.0414705445
0.0446817429
0.0480009647
0.0515039108
0.0548228238
0.0578777657
0.0611113020
0.0644843168
0.0677866779
0.0710664433
0.0743683322
0.0777542074
0.0809125105
0.0836855859
0.0865944122
0.0897421160
0.0926893290
0.0952385222
0.0975003284
0.0997641141
0.1022042063
0.1045137896
0.1062764352
0.1076192519
0.1089407602
0.1101959299
0.1110939813
0.1116807216
0.1120844495
0.1122348365
0.1121020360
0.1118473947
0.1115867642
0.1110168817
0.1099693434
0.1088686534
0.1078777127
0.1067220961
0.1053364459
0.1037839427
0.1020636479
0.1002511050
0.0984584474
0.0965864477
0.0944837143
0.0922771244
0.0901487724
0.0881343652
0.0860500665
0.0837575856
0.0815085095
0.0793999009
0.0773955374
0.0756540675
0.0739589679
0.0719960908
0.0699660937
0.0680845235
0.0663987048
0.0649875166
0.0635780742
0.0618873342
0.0603428567
0.0592515452
0.0581793395
0.0568250822
0.0554449476
0.0543235448
0.0532475891
0.0520045497
0.0509675082
0.0501608477
0.0492316412
0.0484257348
0.0477142272
0.0467237027
0.0459165896
0.0454841517
0.0447278515
0.0436714425
0.0429476975
0.0424129670
0.0416693768
0.0410072728
0.0405688148
0.0398363009
0.0388641644
0.0381647646
0.0375408376
0.0367685341
0.0358785101
0.0346510487
0.0332219370
0.0320458791
0.0312269747
0.0305413070
0.0297412767
0.0288281126
0.0279828493
0.0273242013
0.0267587267
0.0260833898
0.0253184275
0.0245703179
0.0238368210
0.0231984129
0.0226380161
0.0218873190
0.0208794227
0.0199030102
0.0190440732
0.0181165531
0.0172670015
0.0166472932
0.0159844828
0.0152470195
0.0146535474
0.0141821888
0.0138379854
0.0135494425
0.0129958508
0.0122662227
0.0117155678
0.0113148562
0.0109745619
0.0106554579
0.0102799652
0.0099176633
0.0095718364
0.0092501246
0.0090306559
0.0087690660
0.0083115590
0.0077785889
0.0073765377
0.0070326135
0.0065747188
0.0062033042
0.0060787659
0.0059423636
0.0057580287
0.0057314696
0.0057079219
0.0055833811
0.0055081930
0.0054772773
0.0054419621
0.0054250834
0.0054573859
0.0054460665
0.0052586218
0.0049273710
0.0045090087
0.0041979998
0.0041207670
0.0038854275
0.0034734998
0.0035183386
0.0038527026
0.0037941070
0.0035113893
0.0033496236
0.0031421149
0.0028014437
0.0024387856
0.0021279526
0.0018746639
0.0015896866
0.0012603677
0.0010268836
0.0008133172
0.0005054102
0.0003210551
0.0001433361
-0.0001950678
-0.0002341142
0.0000371333
0.0002812377
0.0005672006
0.0005745326
0.0002692410
0.0003385316
0.0005644010
0.0004988465
0.0005333551
0.0007239082
0.0007447033
0.0007160955
0.0009617439
0.0012877597
0.0011887408
0.0008554432
0.0008577353
0.0011110787
0.0012082069
0.0010999026
0.0008536347
0.0005851496
0.0005603121
0.0006887623
0.0007263019
0.0008224987
0.0010178981
0.0011462639
0.0012151680
0.0011289039
0.0008227233
0.0005282423
0.0003688009
0.0002831286
0.0002319806
0.0001566358
0.0000426110
-0.0001119486
-0.0005081892
-0.0011040499
-0.0014079864
-0.0014157536
-0.0015247591
-0.0017364462
-0.0020920511
-0.0025352583
-0.0026222374
-0.0025181484
-0.0028384055
-0.0035523119
-0.0041128065
-0.0043304957
-0.0045443466
-0.0049790548
-0.0056681244
-0.0064313253
-0.0067827299
-0.0067280059
-0.0067520012
-0.0070545633
-0.0075190318
-0.0078910145
-0.0080207420
-0.0080070068
-0.0081018155
-0.0083752788
-0.0085517317
-0.0086643910
-0.0089456960
-0.0092197115
-0.0094905950
-0.0098934384
-0.0101925384
-0.0103754969
-0.0105901423
-0.0107083088
-0.0107130561
-0.0107474494
-0.0109001609
-0.0112720371
-0.0118624923
-0.0123624825
-0.0125395821
-0.0126850220
-0.0129426166
-0.0130478305
-0.0131924362
-0.0136801407
-0.0141479103
-0.0142081129
-0.0140644374
-0.0141763949
-0.0145996561
-0.0149954785
-0.0152472155
-0.0153512223
-0.0153730518
-0.0156525289
-0.0161243413
-0.0163325707
-0.0162206099
-0.0160780321
-0.0162007741
-0.0166600193
-0.0171683647
-0.0173419189
-0.0171753478
-0.0169683015
-0.0168486556
-0.0169269167
-0.0172519822
-0.0175744072
-0.0176641834
-0.0174400398
-0.0172382752
-0.0174268273
-0.0175644226
-0.0173071042
-0.0170882577
-0.0171608444
-0.0172789803
-0.0173613504
-0.0176044539
-0.0178564918
-0.0177453754
-0.0174970308
-0.0176012842
-0.0179363826
-0.0180799539
-0.0179526319
-0.0177599405
-0.0176903387
-0.0177151977
-0.0178232235
-0.0182241214
-0.0188001660
-0.0190787903
-0.0190625585
-0.0190345113
-0.0190087086
-0.0189897964
-0.0189152826
-0.0188602063
-0.0191625194
-0.0195059461
-0.0193685083
-0.0192065533
-0.0194810269
-0.0197961377
-0.0198392572
-0.0197101039
-0.0196505152
-0.0198927580
-0.0201775265
];
