avg_array = [
-0.0325400074
-0.0321457813
-0.0319101617
-0.0317735873
-0.0316597606
-0.0316111974
-0.0314107177
-0.0309912975
-0.0307022825
-0.0305906060
-0.0303761164
-0.0301120248
-0.0300515813
-0.0300213516
-0.0297648807
-0.0294950441
-0.0292928534
-0.0289387119
-0.0286249308
-0.0287137712
-0.0289601275
-0.0289556641
-0.0289013134
-0.0290698780
-0.0292176479
-0.0291315746
-0.0291035074
-0.0293108594
-0.0293905883
-0.0293346435
-0.0294502069
-0.0295095335
-0.0294303765
-0.0293335753
-0.0290115228
-0.0285788052
-0.0283278220
-0.0281887846
-0.0278103857
-0.0269200229
-0.0259628811
-0.0255281884
-0.0253003332
-0.0246180569
-0.0235441322
-0.0224963936
-0.0213825319
-0.0201783000
-0.0192825298
-0.0184953625
-0.0172398781
-0.0157624863
-0.0145012044
-0.0131435472
-0.0114943506
-0.0098585090
-0.0082996433
-0.0066888897
-0.0049711379
-0.0030964921
-0.0010261124
0.0011412387
0.0032652552
0.0054989968
0.0077496255
0.0097044862
0.0117121904
0.0139863851
0.0160802554
0.0179551845
0.0200774047
0.0226043643
0.0251820659
0.0274549376
0.0293698748
0.0310024124
0.0326732824
0.0345983160
0.0363970941
0.0379189853
0.0395246837
0.0411616864
0.0425226661
0.0438146891
0.0453266294
0.0468119541
0.0480425380
0.0492135594
0.0503821571
0.0513755903
0.0523862343
0.0536643092
0.0548578077
0.0557942651
0.0567308904
0.0574712626
0.0580639501
0.0590492203
0.0601123577
0.0608575556
0.0617432875
0.0627016192
0.0634215550
0.0643935768
0.0656544410
0.0666232080
0.0675788499
0.0690371274
0.0704776452
0.0714723647
0.0725607823
0.0740082403
0.0755065042
0.0770510128
0.0785745215
0.0798398765
0.0812606557
0.0831975929
0.0851315342
0.0866795960
0.0882342713
0.0901213324
0.0920561348
0.0938310735
0.0956794944
0.0975550597
0.0992641122
0.1010969753
0.1031073906
0.1050270798
0.1071252063
0.1094398637
0.1113228030
0.1126842051
0.1140898640
0.1157794832
0.1175563337
0.1192271917
0.1207783491
0.1224162246
0.1243079651
0.1259767336
0.1270226710
0.1280445737
0.1293231916
0.1303598863
0.1311759538
0.1318976551
0.1322116480
0.1323516923
0.1328021849
0.1332941017
0.1334855146
0.1334320751
0.1330822795
0.1325242529
0.1320623724
0.1316229871
0.1308684404
0.1298948470
0.1290032922
0.1279621683
0.1266236204
0.1252340144
0.1236878350
0.1219235803
0.1201429337
0.1183383140
0.1165526645
0.1149366977
0.1135025783
0.1119290387
0.1099722870
0.1080257752
0.1062038826
0.1042536479
0.1024799774
0.1009413246
0.0991034946
0.0969472703
0.0948801799
0.0930411889
0.0913001645
0.0893874295
0.0872938433
0.0853411278
0.0835490835
0.0816185050
0.0795832539
0.0777479847
0.0760316782
0.0742690397
0.0726982638
0.0713901740
0.0700505924
0.0685605501
0.0670864498
0.0657400306
0.0644643355
0.0632686394
0.0621583756
0.0610517845
0.0600113960
0.0590284711
0.0579407120
0.0568211379
0.0558407164
0.0549257533
0.0540094410
0.0532305418
0.0525247746
0.0516953411
0.0508539346
0.0500965437
0.0493377181
0.0485170371
0.0476209009
0.0468919305
0.0463866056
0.0456668636
0.0447909895
0.0441900332
0.0437105582
0.0431567505
0.0426295696
0.0419931333
0.0411372552
0.0402625838
0.0395048284
0.0387651380
0.0379286747
0.0370745779
0.0362581999
0.0354383854
0.0348224125
0.0344904447
0.0341087953
0.0336257846
0.0331284421
0.0324907539
0.0318911883
0.0314169951
0.0308400956
0.0303397312
0.0298906148
0.0288508967
0.0274680946
0.0266667607
0.0260290583
0.0247796246
0.0234780972
0.0225594017
0.0216225297
0.0205317694
0.0195029701
0.0186377338
0.0177910957
0.0169668913
0.0163188731
0.0157084168
0.0151364159
0.0146576168
0.0139592678
0.0130863846
0.0124697866
0.0121032594
0.0117332190
0.0114094787
0.0111855198
0.0107356722
0.0100359073
0.0095846665
0.0092807158
0.0088087884
0.0085183623
0.0083746727
0.0080183686
0.0076892602
0.0075777076
0.0075292962
0.0075176940
0.0077408860
0.0081981724
0.0083246549
0.0079180463
0.0075732082
0.0074670409
0.0073360262
0.0072447175
0.0071503989
0.0069434841
0.0067549655
0.0065299416
0.0062902779
0.0061620763
0.0059600207
0.0056460450
0.0052678574
0.0046637770
0.0039685014
0.0033837643
0.0027841494
0.0020949485
0.0013645617
0.0006719193
-0.0000005866
-0.0007120727
-0.0013468104
-0.0020051049
-0.0028099173
-0.0034597259
-0.0040341818
-0.0050344581
-0.0063128014
-0.0073217691
-0.0080429034
-0.0088043828
-0.0095667879
-0.0102542698
-0.0111797016
-0.0122179206
-0.0129161783
-0.0134641569
-0.0141434535
-0.0147193569
-0.0150794499
-0.0153933756
-0.0156138638
-0.0156786425
-0.0156773238
-0.0155993556
-0.0154741666
-0.0153897495
-0.0154244807
-0.0156818943
-0.0159267632
-0.0158277352
-0.0156947035
-0.0158679501
-0.0162357625
-0.0166882322
-0.0169192602
-0.0168011159
-0.0166742298
-0.0165279115
-0.0162836236
-0.0161742021
-0.0159685609
-0.0152520916
-0.0144029909
-0.0138452637
-0.0132718865
-0.0126546642
-0.0122867002
-0.0117863872
-0.0109844730
-0.0104402111
-0.0100606439
-0.0095334307
-0.0092303871
-0.0091072692
-0.0089067287
-0.0087913650
-0.0086173787
-0.0085005049
-0.0089164590
-0.0094884543
-0.0097078467
-0.0097617754
-0.0098377442
-0.0099592298
-0.0102307835
-0.0106778567
-0.0110758713
-0.0113178124
-0.0116710706
-0.0121837206
-0.0125781741
-0.0127868208
-0.0129468448
-0.0131206486
-0.0132477152
-0.0133048132
-0.0133473460
-0.0134539850
-0.0136018535
-0.0136318120
-0.0136335657
-0.0139249019
-0.0145328646
-0.0151334558
-0.0154701329
-0.0156184164
-0.0157643978
-0.0159314084
-0.0160714975
-0.0162809020
-0.0166242138
-0.0169788425
-0.0173648549
-0.0177661935
-0.0180498971
-0.0184893395
-0.0192269783
-0.0199486622
-0.0206042562
-0.0212256597
-0.0217287019
-0.0222532784
-0.0228804439
-0.0235008612
-0.0239372012
-0.0241306614
-0.0244777803
-0.0250195204
-0.0251480146
-0.0248895287
-0.0246834050
-0.0246187128
-0.0247775448
-0.0250365978
-0.0251583459
-0.0252502562
-0.0253229635
-0.0253347208
-0.0257081098
-0.0265593405
-0.0271658305
-0.0273756376
-0.0278187640
-0.0284220028
-0.0288605316
-0.0292452150
-0.0295026599
-0.0295507034
-0.0295590728
-0.0297160514
-0.0299411330
-0.0299089804
-0.0297949461
-0.0300124964
-0.0302231265
];
