avg_array = [
-0.0539340230
-0.0534313408
-0.0526890099
-0.0519218270
-0.0513828111
-0.0512166758
-0.0511864233
-0.0508565783
-0.0501567958
-0.0494185077
-0.0487441544
-0.0481446653
-0.0477342436
-0.0472314636
-0.0462917775
-0.0451618835
-0.0442294347
-0.0436943769
-0.0433594060
-0.0427709395
-0.0424144762
-0.0427384222
-0.0430314775
-0.0430884451
-0.0431648506
-0.0431826011
-0.0432970766
-0.0434595576
-0.0433431325
-0.0430574258
-0.0431207609
-0.0435207246
-0.0435165096
-0.0433478046
-0.0437726112
-0.0442174309
-0.0443248472
-0.0446833173
-0.0451097576
-0.0452104310
-0.0454489600
-0.0460815460
-0.0466239500
-0.0468006026
-0.0466153790
-0.0459027755
-0.0451425429
-0.0451341324
-0.0454288950
-0.0451723517
-0.0445400857
-0.0439825433
-0.0432758802
-0.0421614267
-0.0410093791
-0.0399304368
-0.0386424497
-0.0370915371
-0.0352811393
-0.0336354411
-0.0322876658
-0.0307438579
-0.0292641203
-0.0278318354
-0.0258013835
-0.0234836069
-0.0212271217
-0.0188776349
-0.0166093357
-0.0142955515
-0.0115306741
-0.0084757336
-0.0054509580
-0.0022358484
0.0013654947
0.0049851637
0.0090838741
0.0142853786
0.0196269393
0.0248776024
0.0308614564
0.0369122697
0.0423711241
0.0484218869
0.0556382215
0.0627094809
0.0695743063
0.0774484971
0.0855136179
0.0932184330
0.1022334112
0.1122998000
0.1216679916
0.1310730094
0.1412603454
0.1510530860
0.1607971753
0.1716412948
0.1825886314
0.1931195307
0.2042696680
0.2155134265
0.2256875224
0.2357253261
0.2463742226
0.2566098621
0.2665384914
0.2769145295
0.2868171993
0.2957768442
0.3047293851
0.3135504640
0.3213500272
0.3284744221
0.3352656350
0.3410023155
0.3456982080
0.3501111512
0.3539853215
0.3568084360
0.3589531339
0.3607091163
0.3619099124
0.3623133192
0.3617735622
0.3607477913
0.3594878415
0.3571790837
0.3536453139
0.3497948168
0.3455204927
0.3401603179
0.3341433378
0.3277220585
0.3206076597
0.3134259478
0.3063542833
0.2983089949
0.2895562414
0.2811421941
0.2724717087
0.2631291583
0.2540201802
0.2453060042
0.2362807541
0.2271164002
0.2185103143
0.2102907290
0.2023921974
0.1950893817
0.1876123233
0.1796997976
0.1722197032
0.1651058281
0.1579807900
0.1514543598
0.1460424487
0.1411235629
0.1360285929
0.1312263142
0.1271755923
0.1237243070
0.1209488039
0.1187632009
0.1164573685
0.1139895180
0.1123774382
0.1115099268
0.1102556850
0.1089703066
0.1084193504
0.1079486845
0.1072005070
0.1069074970
0.1070801597
0.1069724431
0.1066593679
0.1067187359
0.1070093513
0.1071706810
0.1072685538
0.1072160168
0.1069438355
0.1066822836
0.1063456301
0.1057771214
0.1050011150
0.1038570740
0.1025022085
0.1012778239
0.0999595013
0.0984401435
0.0969427273
0.0951460046
0.0927590687
0.0904253972
0.0886758102
0.0870116254
0.0847868924
0.0821979166
0.0797761048
0.0773678292
0.0747388631
0.0723712579
0.0704306523
0.0683375397
0.0659377938
0.0635085868
0.0612394543
0.0593677925
0.0576931930
0.0557869429
0.0537174861
0.0517932907
0.0504103155
0.0495078720
0.0484050934
0.0472406661
0.0464216595
0.0453749053
0.0440772056
0.0429864189
0.0417547284
0.0403576972
0.0391116067
0.0377754057
0.0365282348
0.0357714518
0.0350493411
0.0341779585
0.0336696825
0.0332885799
0.0324678616
0.0316793367
0.0313367058
0.0309978204
0.0307055643
0.0307001692
0.0304017062
0.0295817139
0.0292045232
0.0297588141
0.0302285923
0.0300057183
0.0296451077
0.0293437379
0.0288972013
0.0285727107
0.0286857659
0.0287792069
0.0284305901
0.0280377697
0.0276386014
0.0269527467
0.0262200030
0.0254540371
0.0246138528
0.0237540110
0.0225797290
0.0213258406
0.0203289766
0.0193943095
0.0184784020
0.0174752787
0.0164325330
0.0156263815
0.0148242494
0.0138505349
0.0129370616
0.0119785986
0.0108949204
0.0098178324
0.0084137532
0.0069310116
0.0062920780
0.0060135774
0.0051455066
0.0041464952
0.0034378339
0.0026927027
0.0019151758
0.0013780252
0.0011008646
0.0007637711
0.0000877725
-0.0006983037
-0.0011340478
-0.0011144520
-0.0008569908
-0.0004474968
0.0000568116
0.0005532163
0.0010867558
0.0017512690
0.0026894537
0.0035328137
0.0038372305
0.0043892515
0.0055938552
0.0064922206
0.0068255297
0.0072299429
0.0078207213
0.0083883033
0.0090616585
0.0098407293
0.0105819084
0.0113393392
0.0118616923
0.0120939790
0.0125917524
0.0133658783
0.0137758202
0.0136524921
0.0134542429
0.0135230069
0.0137820884
0.0138776486
0.0135459629
0.0129956655
0.0123226174
0.0112330710
0.0100383800
0.0093727061
0.0088460861
0.0077916036
0.0065118653
0.0053544405
0.0041813252
0.0029996969
0.0018994542
0.0010195039
0.0004053661
-0.0001627421
-0.0006774865
-0.0010784474
-0.0014836672
-0.0016979374
-0.0017345187
-0.0021637508
-0.0029261572
-0.0033903261
-0.0034721265
-0.0034889220
-0.0036030811
-0.0038904445
-0.0044033065
-0.0046939929
-0.0045584666
-0.0048113709
-0.0055438757
-0.0059257634
-0.0059882057
-0.0059337137
-0.0056322144
-0.0056374590
-0.0061723780
-0.0067188703
-0.0072924989
-0.0078781311
-0.0081564507
-0.0084324778
-0.0091214695
-0.0098787051
-0.0101894744
-0.0103430163
-0.0106862518
-0.0109128460
-0.0109875129
-0.0110753063
-0.0111962282
-0.0115614845
-0.0119538261
-0.0117960601
-0.0112879427
-0.0111278172
-0.0114066829
-0.0117679472
-0.0120872209
-0.0123021485
-0.0123271931
-0.0121393731
-0.0115143978
-0.0106504948
-0.0103017486
-0.0104606480
-0.0105552158
-0.0105272395
-0.0105964932
-0.0109632809
-0.0115943663
-0.0119556602
-0.0119643238
-0.0122204366
-0.0125845030
-0.0126889696
-0.0130077251
-0.0136592819
-0.0141152720
-0.0143939764
-0.0149203399
-0.0153434547
-0.0152582270
-0.0154548148
-0.0162493553
-0.0169103619
-0.0173810117
-0.0178702408
-0.0181495085
-0.0183485877
-0.0187739862
-0.0194316184
-0.0202603616
-0.0209553553
-0.0213371944
-0.0216717301
-0.0220336770
-0.0224630176
-0.0232317208
-0.0243421524
-0.0252024911
-0.0255306420
-0.0259005225
-0.0263248051
-0.0265276178
-0.0268632705
-0.0272035761
];
