avg_array = [
-0.0134293954
-0.0132248258
-0.0126564146
-0.0124309572
-0.0125283257
-0.0124584411
-0.0123364984
-0.0121609831
-0.0118361713
-0.0117725431
-0.0119574158
-0.0116618398
-0.0109028906
-0.0105613004
-0.0104775086
-0.0098395541
-0.0090721927
-0.0088371986
-0.0086948841
-0.0080480568
-0.0071565685
-0.0065490925
-0.0061995139
-0.0058056787
-0.0051894079
-0.0045541085
-0.0043094200
-0.0044687740
-0.0048948844
-0.0056678472
-0.0064303820
-0.0065619057
-0.0064933812
-0.0069059347
-0.0073152040
-0.0073325914
-0.0075139177
-0.0080202526
-0.0084689277
-0.0091440143
-0.0101428150
-0.0104984326
-0.0101568568
-0.0101329035
-0.0103754263
-0.0105188456
-0.0109710003
-0.0115239876
-0.0114915035
-0.0111310626
-0.0109164353
-0.0106884120
-0.0106709456
-0.0112679358
-0.0117483108
-0.0115763570
-0.0114734982
-0.0115384456
-0.0111376235
-0.0107618245
-0.0109302229
-0.0107380239
-0.0099697779
-0.0096097624
-0.0095979348
-0.0093811863
-0.0092585645
-0.0093882920
-0.0093525738
-0.0090082521
-0.0086927876
-0.0085157879
-0.0082236804
-0.0079470763
-0.0079658173
-0.0080161395
-0.0078009972
-0.0073286044
-0.0066727968
-0.0060181642
-0.0053987968
-0.0049341303
-0.0049748928
-0.0052985522
-0.0056161591
-0.0059437586
-0.0061285397
-0.0062248715
-0.0061937354
-0.0060675366
-0.0064623646
-0.0072327901
-0.0073708929
-0.0069242242
-0.0067423985
-0.0068244906
-0.0068269463
-0.0066980985
-0.0064725713
-0.0065399317
-0.0069414053
-0.0070096399
-0.0066888098
-0.0067419157
-0.0070893858
-0.0066329170
-0.0053741436
-0.0044121427
-0.0038587993
-0.0031390846
-0.0022459348
-0.0012219555
0.0001075052
0.0013727682
0.0024553498
0.0041572600
0.0062835949
0.0079162461
0.0095617848
0.0119987901
0.0148546470
0.0175824108
0.0203521746
0.0238210611
0.0280450635
0.0321732289
0.0358745690
0.0396017134
0.0434967626
0.0474599373
0.0511894972
0.0544728971
0.0580200425
0.0618745291
0.0649909365
0.0678190496
0.0712396721
0.0744981356
0.0774375153
0.0809522333
0.0845961159
0.0872715182
0.0892344952
0.0914599547
0.0938831417
0.0956346777
0.0965705560
0.0970715472
0.0973263861
0.0974041917
0.0970989321
0.0962943141
0.0952578869
0.0941207470
0.0929076197
0.0919263566
0.0911837425
0.0900395134
0.0883417244
0.0865355298
0.0848922675
0.0836714759
0.0824837281
0.0804798028
0.0779342303
0.0755897278
0.0735295840
0.0715000383
0.0693484193
0.0673620500
0.0655681980
0.0636710318
0.0620773936
0.0607218898
0.0589148051
0.0571119569
0.0557933425
0.0545352373
0.0533361641
0.0524015498
0.0514038027
0.0502352146
0.0492984093
0.0484745830
0.0474042350
0.0467006009
0.0466749891
0.0464397582
0.0457308495
0.0451788756
0.0448773780
0.0445337440
0.0441622688
0.0436830339
0.0429921036
0.0424450401
0.0421134850
0.0414915740
0.0407195207
0.0405871590
0.0407951122
0.0404022416
0.0397195135
0.0395043007
0.0395544714
0.0393688003
0.0390810188
0.0389185453
0.0387176313
0.0385471687
0.0385368224
0.0382704573
0.0374768895
0.0366920596
0.0363246639
0.0361027789
0.0357954475
0.0353321402
0.0345886872
0.0337055260
0.0331472989
0.0329125698
0.0326465115
0.0325209817
0.0323489467
0.0315993312
0.0308404728
0.0305863166
0.0302707683
0.0296162153
0.0288009105
0.0279637995
0.0274516567
0.0271808031
0.0266456187
0.0259884592
0.0255626325
0.0251064350
0.0243905099
0.0239223298
0.0239920416
0.0238884976
0.0233867129
0.0230664068
0.0228703460
0.0226276721
0.0226153699
0.0225487325
0.0219680810
0.0213502588
0.0209802949
0.0204471346
0.0199154921
0.0194227361
0.0185154246
0.0174678395
0.0168365356
0.0165673283
0.0162191431
0.0156749485
0.0153135101
0.0150841983
0.0145465698
0.0138932561
0.0134664948
0.0132000822
0.0129460731
0.0124586137
0.0118166244
0.0113932238
0.0109640228
0.0102349862
0.0095172967
0.0090578406
0.0088129888
0.0085245520
0.0079674570
0.0073661650
0.0069109289
0.0067349323
0.0068785126
0.0067599269
0.0062370008
0.0060382992
0.0063127464
0.0065293863
0.0064803884
0.0063470068
0.0062166823
0.0061708128
0.0065108176
0.0071039222
0.0075482370
0.0077517422
0.0074095926
0.0067398411
0.0066030533
0.0067809041
0.0066729058
0.0063610478
0.0059152611
0.0054485821
0.0049774827
0.0044847755
0.0045164575
0.0051431248
0.0055891431
0.0056423618
0.0056945540
0.0057304335
0.0054824462
0.0050022530
0.0046223472
0.0044808420
0.0041996047
0.0035080018
0.0026870809
0.0020195127
0.0013524114
0.0006039387
0.0003346419
0.0005463262
0.0004415425
0.0001269529
-0.0001586375
-0.0007210243
-0.0012689461
-0.0017413182
-0.0023160486
-0.0024895334
-0.0024557593
-0.0029010046
-0.0035180405
-0.0039530871
-0.0041189226
-0.0037564045
-0.0033035496
-0.0031997304
-0.0030247690
-0.0026399941
-0.0023405202
-0.0022861068
-0.0025804016
-0.0029749466
-0.0029632854
-0.0026657891
-0.0024163478
-0.0020861333
-0.0018454171
-0.0020134182
-0.0022784916
-0.0022611772
-0.0021471013
-0.0021126317
-0.0019719702
-0.0017569289
-0.0016554178
-0.0017341448
-0.0019530447
-0.0021210550
-0.0022800804
-0.0024863151
-0.0024269208
-0.0022261394
-0.0024999929
-0.0033138703
-0.0040684200
-0.0042275066
-0.0040577254
-0.0042180668
-0.0046147061
-0.0048941567
-0.0052793068
-0.0057981481
-0.0060769293
-0.0062187033
-0.0062747335
-0.0058910822
-0.0053529594
-0.0051231972
-0.0050799482
-0.0051947073
-0.0055630512
-0.0059885154
-0.0062399014
-0.0061484709
-0.0059039987
-0.0060531086
-0.0063343305
-0.0061153647
-0.0056823639
-0.0055989814
-0.0059188337
-0.0062013562
-0.0061144846
-0.0059727946
-0.0060101897
-0.0059140113
-0.0057718264
-0.0060861219
-0.0064836646
-0.0063830546
-0.0063038096
-0.0067322458
-0.0072571898
-0.0073921422
-0.0071008209
-0.0066602029
-0.0061637389
-0.0054171186
-0.0048176776
-0.0049879949
-0.0052643392
-0.0049175687
-0.0044498995
-0.0043218692
-0.0044751296
-0.0046279164
-0.0046540410
-0.0047329945
-0.0047811892
-0.0046459649
-0.0044454970
-0.0044204270
-0.0046419640
-0.0047584831
-0.0047080842
-0.0049637539
-0.0055228698
-0.0058375450
-0.0056120661
-0.0052588023
-0.0053501210
-0.0056002534
-0.0056121654
-0.0056061832
-0.0056294212
-0.0057160344
-0.0059771815
-0.0061752401
-0.0064559704
-0.0070081895
-0.0073146089
-0.0073909194
-0.0078315010
-0.0085589252
-0.0091577778
-0.0095066379
-0.0096378345
-0.0097529505
-0.0101117550
-0.0103893771
];
