avg_array = [
-0.0348781972
-0.0348223597
-0.0346849226
-0.0345392888
-0.0344345799
-0.0344540255
-0.0345625050
-0.0346226970
-0.0345114304
-0.0342085031
-0.0339618787
-0.0338471180
-0.0334774179
-0.0327836833
-0.0321304483
-0.0315931966
-0.0309390776
-0.0302602939
-0.0298603055
-0.0294268203
-0.0285410717
-0.0275194265
-0.0267582441
-0.0262507023
-0.0258745650
-0.0254612846
-0.0248763382
-0.0242744268
-0.0238579752
-0.0235267509
-0.0231410300
-0.0226902427
-0.0223504523
-0.0223413696
-0.0224626544
-0.0225247147
-0.0226597322
-0.0227521425
-0.0226588978
-0.0226516573
-0.0229609441
-0.0233653351
-0.0236444311
-0.0239704308
-0.0243296162
-0.0245098679
-0.0246779655
-0.0249426155
-0.0251436136
-0.0252748672
-0.0253436625
-0.0252933207
-0.0252419810
-0.0252132998
-0.0250104738
-0.0247198731
-0.0245877027
-0.0246111898
-0.0246730025
-0.0245597193
-0.0241986865
-0.0239374537
-0.0238917495
-0.0236917445
-0.0232961459
-0.0230023406
-0.0228109886
-0.0224602123
-0.0219332341
-0.0215256842
-0.0210972939
-0.0203337915
-0.0195162438
-0.0189034677
-0.0185322067
-0.0183803460
-0.0180724343
-0.0174727242
-0.0169205943
-0.0165186203
-0.0161463521
-0.0158342696
-0.0156544003
-0.0155366254
-0.0153787640
-0.0151462969
-0.0148035583
-0.0143523665
-0.0139309951
-0.0138286916
-0.0141057649
-0.0142372418
-0.0138608219
-0.0134191432
-0.0132455259
-0.0130109093
-0.0126918489
-0.0127409482
-0.0130199485
-0.0130200901
-0.0128628014
-0.0128514114
-0.0127850705
-0.0125451492
-0.0123652842
-0.0121473646
-0.0117739653
-0.0115519499
-0.0114069796
-0.0110687368
-0.0106941626
-0.0103146425
-0.0098906523
-0.0095660672
-0.0092112529
-0.0087100022
-0.0083033036
-0.0079507225
-0.0073032540
-0.0064612680
-0.0057700445
-0.0052018865
-0.0046598286
-0.0042113015
-0.0038021310
-0.0033444569
-0.0028435045
-0.0024161353
-0.0022031500
-0.0021104204
-0.0020380372
-0.0019614932
-0.0018478839
-0.0018277611
-0.0019005306
-0.0018570303
-0.0017068003
-0.0016113282
-0.0015796222
-0.0015761223
-0.0015365397
-0.0014125742
-0.0013934983
-0.0014766333
-0.0014817265
-0.0015122791
-0.0014962687
-0.0011943170
-0.0008085783
-0.0006116556
-0.0004440936
-0.0001276810
0.0002555967
0.0005855225
0.0008344990
0.0011360000
0.0016605198
0.0023328473
0.0029417479
0.0036588345
0.0047021763
0.0057046645
0.0064786991
0.0073095122
0.0082395037
0.0092650478
0.0105087174
0.0117379076
0.0126675069
0.0136330003
0.0149362249
0.0162184451
0.0173845631
0.0186160238
0.0196130142
0.0202963504
0.0210315516
0.0219279786
0.0228831637
0.0237307457
0.0242828368
0.0246522055
0.0251842047
0.0258063041
0.0262063251
0.0265533028
0.0269907701
0.0273786213
0.0278278351
0.0283468275
0.0286650127
0.0288894064
0.0293400859
0.0298657362
0.0302415686
0.0305966094
0.0310061441
0.0314981580
0.0320305047
0.0324063954
0.0327969717
0.0334269448
0.0341166182
0.0347792013
0.0354244015
0.0360492817
0.0368226308
0.0377190519
0.0384724602
0.0391709381
0.0401609138
0.0413914031
0.0425803670
0.0437028273
0.0447751004
0.0458074538
0.0468821174
0.0478944978
0.0489009188
0.0501952885
0.0516184565
0.0528416123
0.0539557079
0.0550606398
0.0561153627
0.0571897635
0.0582877663
0.0593172038
0.0602088239
0.0609901498
0.0618298765
0.0627522600
0.0636210562
0.0643649602
0.0648486390
0.0649789654
0.0649623268
0.0651380417
0.0655709879
0.0659518829
0.0661474059
0.0662721960
0.0662390064
0.0660410761
0.0660144850
0.0663382144
0.0666490309
0.0665989509
0.0665083028
0.0666996413
0.0667855560
0.0666366540
0.0666974699
0.0667170127
0.0663112665
0.0660550118
0.0660781255
0.0657374368
0.0653030169
0.0652587155
0.0651300405
0.0649086946
0.0651473400
0.0656208884
0.0659196121
0.0660509531
0.0660442470
0.0659669711
0.0659433761
0.0660645373
0.0662440139
0.0662624924
0.0662238109
0.0662740509
0.0661852332
0.0660145657
0.0661594434
0.0664314389
0.0663989417
0.0662408655
0.0662065440
0.0661231198
0.0658989869
0.0657017005
0.0655214702
0.0653088645
0.0652494281
0.0651302046
0.0645555163
0.0638884360
0.0635849470
0.0633481251
0.0628568927
0.0623400100
0.0617853748
0.0608836147
0.0598348063
0.0589316858
0.0582325098
0.0576786366
0.0569854628
0.0561026378
0.0551365416
0.0539809688
0.0527158184
0.0515493993
0.0504577879
0.0494835265
0.0486202578
0.0473929345
0.0456716586
0.0439927724
0.0425876352
0.0414030609
0.0405067428
0.0398403421
0.0391190834
0.0380812304
0.0368562290
0.0357279660
0.0345870261
0.0331604127
0.0316210172
0.0303432121
0.0292465457
0.0280962565
0.0268154126
0.0253233385
0.0237470298
0.0223880055
0.0213617108
0.0205047957
0.0195536715
0.0184389241
0.0172613045
0.0161016883
0.0151130548
0.0143670550
0.0136603732
0.0129687494
0.0123940725
0.0117977930
0.0112214125
0.0107304731
0.0100010741
0.0089744554
0.0081053135
0.0076085977
0.0073693252
0.0072906947
0.0070262806
0.0063735259
0.0057743707
0.0053873833
0.0048135863
0.0040271231
0.0033804348
0.0029976595
0.0026099355
0.0020678890
0.0016770486
0.0013211940
0.0006065445
-0.0000494090
-0.0003051095
-0.0006895359
-0.0014819419
-0.0024027199
-0.0033483960
-0.0042442809
-0.0050284726
-0.0059703360
-0.0070956002
-0.0081006605
-0.0088283358
-0.0092697265
-0.0098218150
-0.0108615495
-0.0118505055
-0.0122188772
-0.0123715067
-0.0127238912
-0.0130766009
-0.0133134582
-0.0134878040
-0.0134948581
-0.0132362231
-0.0129715453
-0.0130741232
-0.0132468767
-0.0130220424
-0.0126945054
-0.0125245880
-0.0121681774
-0.0116079908
-0.0111795559
-0.0108200709
-0.0104246540
-0.0100908324
-0.0098050692
-0.0094519556
-0.0088758669
-0.0081050142
-0.0074119839
-0.0069601397
-0.0066839754
-0.0065846281
-0.0067083136
-0.0067445825
-0.0065508406
-0.0064761434
-0.0064200587
-0.0061450058
-0.0061490159
-0.0066846855
-0.0072135704
-0.0075292930
-0.0078858073
-0.0082349103
-0.0087571457
-0.0098751795
-0.0112672254
-0.0125298844
-0.0138351630
-0.0152257311
-0.0164486754
-0.0173776346
-0.0183078414
-0.0195307745
-0.0206977080
-0.0215595668
-0.0224297044
-0.0231799328
-0.0235239343
-0.0239558306
-0.0246903901
-0.0251553818
-0.0253874564
-0.0259230874
-0.0263459604
-0.0259702118
-0.0252093763
-0.0246338197
-0.0241351754
-0.0236113492
-0.0231182859
-0.0225370712
-0.0217194393
-0.0208338627
-0.0199694909
-0.0188099746
-0.0174887560
-0.0165063839
-0.0155322226
-0.0140986147
-0.0128213652
-0.0121007186
-0.0112923706
-0.0101471695
-0.0090615857
-0.0082005625
-0.0075267466
-0.0069969550
-0.0064438892
-0.0057291436
-0.0050669503
-0.0047856169
-0.0048556873
-0.0050728936
-0.0054999475
-0.0062511374
-0.0070206091
-0.0076770540
-0.0086862401
-0.0099870976
-0.0110637316
-0.0120877298
-0.0133475412
-0.0146769458
-0.0160413038
-0.0175231410
-0.0189338456
-0.0201735351
-0.0214749329
-0.0229963858
-0.0245486145
-0.0258688040
-0.0270663382
-0.0283316756
-0.0295542582
-0.0306249139
-0.0315441556
-0.0323157232
-0.0329871125
-0.0336387229
-0.0342210072
-0.0346698208
-0.0350877890
-0.0353497893
];
