avg_array = [
-0.0603542142
-0.0601474876
-0.0597953490
-0.0593578594
-0.0589363501
-0.0585093433
-0.0579530429
-0.0574576999
-0.0570638583
-0.0564067144
-0.0555963277
-0.0548813652
-0.0539141234
-0.0526896871
-0.0516610643
-0.0506959300
-0.0494606019
-0.0479911872
-0.0462820886
-0.0443370102
-0.0424227436
-0.0406776989
-0.0389137162
-0.0369499241
-0.0347889342
-0.0325271107
-0.0301701581
-0.0277212170
-0.0252193437
-0.0224746272
-0.0194856404
-0.0165520869
-0.0136384178
-0.0105752849
-0.0073490934
-0.0039988550
-0.0006811718
0.0025712690
0.0059427716
0.0094832417
0.0130641113
0.0166154449
0.0201358420
0.0236067387
0.0270110319
0.0303224857
0.0335764373
0.0368549475
0.0400961770
0.0431949016
0.0462337061
0.0493221370
0.0523110744
0.0551370205
0.0580166251
0.0607968451
0.0631568442
0.0652716198
0.0672867278
0.0691492666
0.0710624373
0.0730042860
0.0746157051
0.0759173079
0.0771367706
0.0783129197
0.0794408281
0.0804120920
0.0811609749
0.0819599724
0.0828191357
0.0832371226
0.0832184400
0.0832935768
0.0835214691
0.0836718958
0.0837477292
0.0837633915
0.0838072787
0.0840746105
0.0843625239
0.0843710633
0.0844098613
0.0849220687
0.0857782611
0.0865709899
0.0873457040
0.0884377674
0.0895663129
0.0904635591
0.0916728839
0.0933314889
0.0949867335
0.0966562430
0.0985279651
0.1005563861
0.1027513108
0.1052154465
0.1079765941
0.1109563938
0.1140895840
0.1173976240
0.1209322999
0.1245840584
0.1281657716
0.1317070932
0.1353253527
0.1390987192
0.1430468974
0.1471212860
0.1512776102
0.1552794218
0.1590099020
0.1628765351
0.1670644938
0.1711593917
0.1749039192
0.1785040849
0.1820540228
0.1853536606
0.1883954154
0.1913292651
0.1941579049
0.1968462488
0.1993094393
0.2014118061
0.2031916941
0.2047448438
0.2059940261
0.2068722270
0.2074022354
0.2075869287
0.2075056313
0.2071160276
0.2062417717
0.2050042545
0.2035470840
0.2018014666
0.1998017274
0.1976709633
0.1953489305
0.1926232034
0.1895455459
0.1862619397
0.1827752394
0.1792144511
0.1755171666
0.1714511696
0.1671787825
0.1629671198
0.1587962590
0.1545108557
0.1500599618
0.1456668308
0.1414777128
0.1372113014
0.1327596941
0.1284849650
0.1243836246
0.1200604951
0.1156905419
0.1116313922
0.1077028764
0.1038822034
0.1003947520
0.0969828308
0.0934342573
0.0900821849
0.0869443328
0.0836887424
0.0805241586
0.0777607058
0.0751675322
0.0727177841
0.0707117106
0.0688757513
0.0668281569
0.0647832913
0.0628634337
0.0610595352
0.0596472833
0.0585662074
0.0573440445
0.0559599819
0.0548007651
0.0538970967
0.0530913338
0.0524711957
0.0519844705
0.0514764600
0.0510885883
0.0508108245
0.0503767427
0.0498207144
0.0493121859
0.0488372364
0.0483570438
0.0478134826
0.0471700586
0.0466239939
0.0462686048
0.0458208572
0.0452483461
0.0447977145
0.0444030935
0.0439488739
0.0433870729
0.0425317051
0.0415050458
0.0406599553
0.0398561473
0.0388670244
0.0379792552
0.0372528623
0.0362935072
0.0350972312
0.0339832344
0.0330126407
0.0320366355
0.0308945836
0.0296253411
0.0284039037
0.0272136887
0.0259704307
0.0246869956
0.0234041646
0.0222111430
0.0211529455
0.0200955120
0.0189616008
0.0178443133
0.0167091997
0.0154990750
0.0143502158
0.0132938109
0.0121978878
0.0111163927
0.0101708803
0.0091305057
0.0077550749
0.0063957079
0.0054377604
0.0046900627
0.0039727991
0.0033137951
0.0025101881
0.0015298333
0.0007394547
0.0000959238
-0.0007396201
-0.0016329307
-0.0024301934
-0.0032734558
-0.0041094314
-0.0048030993
-0.0055009970
-0.0063165304
-0.0070804323
-0.0077606310
-0.0085266115
-0.0093411338
-0.0100993408
-0.0109338118
-0.0118644657
-0.0126622107
-0.0134218035
-0.0143047372
-0.0150996255
-0.0157602803
-0.0164060205
-0.0170257132
-0.0175724766
-0.0179961920
-0.0184185966
-0.0189455024
-0.0193495631
-0.0195185936
-0.0197010717
-0.0199310346
-0.0200356175
-0.0201772671
-0.0203395237
-0.0201348708
-0.0197297740
-0.0194353018
-0.0189673133
-0.0183204452
-0.0179057247
-0.0175635691
-0.0169196477
-0.0162135725
-0.0156852500
-0.0150348953
-0.0141323259
-0.0132399141
-0.0124736408
-0.0118126939
-0.0111976559
-0.0105009131
-0.0097758709
-0.0092166641
-0.0088704654
-0.0085805379
-0.0082499344
-0.0080184703
-0.0079493489
-0.0078981966
-0.0078336880
-0.0078456521
-0.0080083730
-0.0084298476
-0.0089123549
-0.0092243596
-0.0096552295
-0.0102735358
-0.0108822911
-0.0115669536
-0.0122633379
-0.0127867358
-0.0132403955
-0.0138441506
-0.0146154242
-0.0154866990
-0.0164359998
-0.0172773125
-0.0179739106
-0.0188226402
-0.0198529077
-0.0208242003
-0.0216648150
-0.0223804657
-0.0230336217
-0.0237187516
-0.0243574532
-0.0248696092
-0.0252641962
-0.0256901983
-0.0263825932
-0.0271166789
-0.0275249350
-0.0278298422
-0.0282641686
-0.0286810807
-0.0291625957
-0.0298277394
-0.0303747672
-0.0306476015
-0.0309079863
-0.0312501461
-0.0314618584
-0.0315695402
-0.0318482601
-0.0322758569
-0.0325992089
-0.0327029747
-0.0328288613
-0.0332411839
-0.0336267189
-0.0338043032
-0.0340187502
-0.0341972283
-0.0342834456
-0.0344787093
-0.0348304502
-0.0352275362
-0.0356074262
-0.0359663304
-0.0362841904
-0.0367105418
-0.0372413520
-0.0375569794
-0.0377797969
-0.0380601992
-0.0381554274
-0.0382446320
-0.0385245753
-0.0387264977
-0.0387467344
-0.0386135103
-0.0383831845
-0.0383274873
-0.0384769589
-0.0385411947
-0.0385155030
-0.0385698731
-0.0385339426
-0.0383179284
-0.0381752759
-0.0380017012
-0.0375897861
-0.0372296800
-0.0371496455
-0.0371806028
-0.0370296691
-0.0367566354
-0.0368631573
-0.0373707528
-0.0376969061
-0.0378029058
-0.0381244719
-0.0385338411
-0.0387203586
-0.0388427869
-0.0389567262
-0.0390500236
-0.0394536822
-0.0400429220
-0.0402825391
-0.0404198304
-0.0409834849
-0.0416574447
-0.0420293779
-0.0424802977
-0.0431807976
-0.0437375466
-0.0442281868
-0.0447503690
-0.0451412721
-0.0456411851
-0.0462933427
-0.0466966139
-0.0468798273
-0.0472916082
-0.0478331612
-0.0480549248
-0.0482830807
-0.0490190063
-0.0498069884
-0.0501471805
-0.0504350145
-0.0509890331
-0.0515019992
-0.0519219133
-0.0524251876
-0.0527965659
];
