avg_array = [
-0.0193600857
-0.0191528682
-0.0189658290
-0.0189049424
-0.0187514845
-0.0184177995
-0.0181636047
-0.0180559051
-0.0178338206
-0.0175254787
-0.0173405258
-0.0171247538
-0.0167502443
-0.0164358865
-0.0162831823
-0.0160991226
-0.0158233686
-0.0157442324
-0.0158455175
-0.0157528288
-0.0155909959
-0.0156490155
-0.0157819029
-0.0158197734
-0.0158320446
-0.0158837756
-0.0158301586
-0.0155437874
-0.0152171653
-0.0151396297
-0.0151392673
-0.0148369614
-0.0144258179
-0.0141691582
-0.0138500001
-0.0134587985
-0.0131669985
-0.0127691471
-0.0122545638
-0.0120264250
-0.0119812091
-0.0116712619
-0.0112868324
-0.0112007451
-0.0111678679
-0.0109067045
-0.0106632633
-0.0105798977
-0.0103300505
-0.0098622009
-0.0095854587
-0.0095578599
-0.0095103561
-0.0094587730
-0.0094778957
-0.0094681857
-0.0093431868
-0.0090552398
-0.0086811805
-0.0084241612
-0.0083173932
-0.0080853693
-0.0076900409
-0.0074180608
-0.0071709787
-0.0068417683
-0.0065831970
-0.0062372633
-0.0057446023
-0.0054325356
-0.0052712013
-0.0048717137
-0.0043561257
-0.0040391016
-0.0036702957
-0.0032045802
-0.0029784978
-0.0028309389
-0.0025212423
-0.0021351812
-0.0016993619
-0.0012423420
-0.0007552670
-0.0001239467
0.0005395977
0.0010265563
0.0014542147
0.0019740810
0.0024312226
0.0027233644
0.0029773196
0.0034044661
0.0041547072
0.0050606430
0.0058704760
0.0066248843
0.0073751336
0.0080086040
0.0085964631
0.0093842920
0.0103173072
0.0112270482
0.0122478320
0.0134271707
0.0146378418
0.0159049108
0.0172389331
0.0185933294
0.0199756746
0.0213844692
0.0228635655
0.0243390484
0.0255936018
0.0267934629
0.0282777218
0.0298075953
0.0310684230
0.0323713494
0.0339573746
0.0356067926
0.0372286192
0.0388126726
0.0402269084
0.0416311082
0.0432811912
0.0449812611
0.0464648836
0.0479286659
0.0496603708
0.0514139609
0.0528551989
0.0542295381
0.0557396964
0.0571404993
0.0584353444
0.0598572531
0.0612184462
0.0622958615
0.0631673654
0.0638974494
0.0647148402
0.0656840234
0.0664310297
0.0669612900
0.0675443074
0.0679725131
0.0680319910
0.0679908824
0.0680210005
0.0681144074
0.0683604315
0.0685133687
0.0683968437
0.0683315301
0.0682934269
0.0680064226
0.0676586374
0.0675097526
0.0674724311
0.0673796468
0.0670645271
0.0663996301
0.0657306562
0.0653800099
0.0649451607
0.0642140630
0.0636635203
0.0633815875
0.0628064042
0.0618348915
0.0609762999
0.0604105364
0.0598294535
0.0590437773
0.0582080732
0.0575219015
0.0570421451
0.0565205894
0.0556332917
0.0545775138
0.0536871200
0.0529351475
0.0522891387
0.0516999729
0.0509599649
0.0500856103
0.0492389387
0.0484073711
0.0476292087
0.0470694304
0.0466598151
0.0461273520
0.0454654889
0.0447938139
0.0440746936
0.0434045430
0.0427682966
0.0419640221
0.0413278566
0.0411265731
0.0407747204
0.0400484657
0.0394910063
0.0391360796
0.0385913894
0.0379653931
0.0374441591
0.0368097936
0.0360363981
0.0354012770
0.0348454979
0.0340636244
0.0331374487
0.0323833691
0.0317802476
0.0311974018
0.0307536781
0.0304771684
0.0301501609
0.0296877082
0.0291372433
0.0284889372
0.0279604879
0.0277470522
0.0276233059
0.0274478652
0.0272806677
0.0270983139
0.0268471161
0.0264379403
0.0258990509
0.0254211331
0.0250697432
0.0248458485
0.0247487558
0.0245780335
0.0242144391
0.0238360111
0.0235198394
0.0232069741
0.0229745355
0.0227867602
0.0223776131
0.0218967980
0.0217108366
0.0215104909
0.0209500649
0.0203384661
0.0199149765
0.0195692746
0.0193763910
0.0193665852
0.0192447122
0.0190119049
0.0188056754
0.0184844474
0.0181531975
0.0179769049
0.0176596673
0.0171273079
0.0167278566
0.0164253218
0.0160214181
0.0155893008
0.0151427218
0.0145850853
0.0138160413
0.0129485954
0.0122508760
0.0117791066
0.0115254947
0.0112830984
0.0106953037
0.0099438981
0.0093322937
0.0087852876
0.0083861680
0.0081443147
0.0078141907
0.0074961844
0.0073045026
0.0070308267
0.0065331859
0.0060155085
0.0059000863
0.0060207386
0.0058515331
0.0056002384
0.0055463208
0.0054110330
0.0051703493
0.0051628562
0.0053670831
0.0054278909
0.0053144609
0.0051664765
0.0049494935
0.0047424129
0.0047707164
0.0050614537
0.0052606634
0.0050947663
0.0047997340
0.0047410457
0.0049095258
0.0049777605
0.0048402163
0.0047287522
0.0046354254
0.0043400170
0.0040176197
0.0039155974
0.0038449245
0.0036051580
0.0032682394
0.0030191643
0.0030127203
0.0031815653
0.0033369326
0.0034129304
0.0034440635
0.0035201772
0.0035954991
0.0035671840
0.0035838895
0.0037194723
0.0039137898
0.0041740128
0.0043817482
0.0043969706
0.0042144956
0.0038874387
0.0035340319
0.0033875107
0.0035399338
0.0036665890
0.0035327988
0.0033183169
0.0030454504
0.0025879969
0.0021615785
0.0019555688
0.0018295114
0.0016227908
0.0012704723
0.0009436619
0.0008182113
0.0006713599
0.0002734942
-0.0002789243
-0.0007265739
-0.0010274896
-0.0014151618
-0.0019141764
-0.0024339884
-0.0030431453
-0.0036937142
-0.0042178630
-0.0046110129
-0.0050785587
-0.0057148502
-0.0064870385
-0.0075281951
-0.0087491639
-0.0097763588
-0.0106130004
-0.0116063490
-0.0128723974
-0.0141710409
-0.0152818172
-0.0162067428
-0.0170446052
-0.0179056889
-0.0188535320
-0.0198190061
-0.0205666969
-0.0210564470
-0.0216293310
-0.0223008701
-0.0228139579
-0.0232630090
-0.0236501126
-0.0239497178
-0.0244867419
-0.0251734123
-0.0255910144
-0.0259642994
-0.0266359219
-0.0273008377
-0.0276689679
-0.0278883680
-0.0281570116
-0.0284344108
-0.0285629788
-0.0286853069
-0.0289712115
-0.0291854891
-0.0292089675
-0.0292395469
-0.0293235072
-0.0293535024
-0.0293300547
-0.0293520899
-0.0294009973
-0.0292441237
-0.0287703136
-0.0281667658
-0.0276255719
-0.0271530455
-0.0266828676
-0.0262552981
-0.0258969856
-0.0255603814
-0.0252060015
-0.0248077737
-0.0244707361
-0.0242399014
-0.0240776843
-0.0241157220
-0.0243529363
-0.0246207700
-0.0249912685
-0.0255089136
-0.0259733290
-0.0264741147
-0.0272333208
-0.0280294391
-0.0285522579
-0.0288359144
-0.0291886245
-0.0297068399
-0.0301173035
-0.0304535971
-0.0308295199
-0.0310444593
-0.0313074078
-0.0319422168
-0.0326112951
-0.0329692411
-0.0332430327
-0.0335955173
-0.0337702850
-0.0337815808
-0.0339571329
-0.0341705152
];
