avg_array = [
-0.0331464912
-0.0329947610
-0.0326737193
-0.0322703224
-0.0318512630
-0.0312497032
-0.0305219302
-0.0297849178
-0.0286526235
-0.0270038958
-0.0252823461
-0.0236466688
-0.0218739010
-0.0199310168
-0.0179638372
-0.0158812823
-0.0136081839
-0.0111834915
-0.0084549636
-0.0055351270
-0.0027346641
0.0002413108
0.0038332567
0.0076045973
0.0109699873
0.0142650851
0.0177819588
0.0211092658
0.0241175777
0.0271710726
0.0303796076
0.0336527237
0.0369711616
0.0401778598
0.0433252767
0.0465357570
0.0494582573
0.0520530006
0.0547988838
0.0577881304
0.0607075703
0.0633541248
0.0658268878
0.0683020871
0.0706759456
0.0728244988
0.0749615913
0.0772544059
0.0795475256
0.0815457567
0.0830758115
0.0844623302
0.0860432115
0.0874874803
0.0885508294
0.0895017325
0.0905636975
0.0917495868
0.0927333276
0.0932262203
0.0936694057
0.0944228657
0.0950807309
0.0954021590
0.0955752433
0.0957172810
0.0958442970
0.0958279321
0.0956382762
0.0954416835
0.0951743525
0.0947535784
0.0942418153
0.0935301004
0.0927042805
0.0920850722
0.0915291789
0.0908014651
0.0900492562
0.0892133807
0.0881781429
0.0870161853
0.0856115833
0.0842184188
0.0831987801
0.0821561464
0.0809975363
0.0801180193
0.0791320324
0.0775471809
0.0758509221
0.0745103034
0.0732113437
0.0717853473
0.0703874997
0.0687647123
0.0667938795
0.0649989653
0.0634374392
0.0615809762
0.0595841054
0.0578512083
0.0561248038
0.0541937331
0.0522707735
0.0503234958
0.0482174441
0.0462579170
0.0445176223
0.0426036191
0.0404931160
0.0383777725
0.0362853596
0.0343440127
0.0325764984
0.0307599395
0.0288850895
0.0271971111
0.0256858324
0.0241563514
0.0226006272
0.0209317334
0.0191017252
0.0174882934
0.0162720063
0.0150956488
0.0137395704
0.0123656702
0.0111105109
0.0099461622
0.0088574675
0.0079019643
0.0071120822
0.0063318885
0.0053550396
0.0042389528
0.0031831241
0.0022799847
0.0015258210
0.0009343705
0.0004403229
-0.0001502715
-0.0007832689
-0.0012503141
-0.0017437989
-0.0024217989
-0.0029062232
-0.0032107763
-0.0038660943
-0.0047176202
-0.0053136788
-0.0058205692
-0.0064309903
-0.0069313746
-0.0072255676
-0.0075422303
-0.0079310976
-0.0083063828
-0.0088830355
-0.0095848202
-0.0099559992
-0.0101485992
-0.0105900058
-0.0111726725
-0.0117038131
-0.0121966348
-0.0125808261
-0.0128606310
-0.0132204877
-0.0136300204
-0.0138647021
-0.0139935713
-0.0142355249
-0.0145204181
-0.0148259004
-0.0152661084
-0.0155879767
-0.0156734468
-0.0158891994
-0.0162082039
-0.0164077931
-0.0167399488
-0.0171614494
-0.0173213437
-0.0173811356
-0.0174856617
-0.0175744609
-0.0178480508
-0.0182985214
-0.0187134267
-0.0190016436
-0.0190336221
-0.0189872189
-0.0191989904
-0.0195263323
-0.0197274006
-0.0199004830
-0.0201303346
-0.0204366317
-0.0208467116
-0.0211296050
-0.0213425820
-0.0218431794
-0.0223676988
-0.0226914149
-0.0231206743
-0.0236464466
-0.0241117471
-0.0245847284
-0.0250841120
-0.0255957300
-0.0260981959
-0.0266022797
-0.0271472673
-0.0275839008
-0.0277472776
-0.0278088483
-0.0280494510
-0.0284545641
-0.0288362179
-0.0290594169
-0.0290308707
-0.0288194117
-0.0286956071
-0.0287032328
-0.0286241424
-0.0284852889
-0.0284164296
-0.0283716813
-0.0284337421
-0.0286102252
-0.0285705278
-0.0283736060
-0.0284290642
-0.0286393596
-0.0288546618
-0.0292376603
-0.0295145018
-0.0293557017
-0.0291168686
-0.0290467167
-0.0289829851
-0.0290204088
-0.0291659385
-0.0291064964
-0.0289672285
-0.0292003966
-0.0297164398
-0.0300403391
-0.0301857770
-0.0305397026
-0.0311112984
-0.0316104921
-0.0319151260
-0.0321404864
-0.0324672858
-0.0328321794
-0.0329569641
-0.0329493592
-0.0331207688
-0.0333135614
-0.0334377436
-0.0337658459
-0.0342316998
-0.0345070837
-0.0345790194
-0.0345920606
-0.0345286555
-0.0345391811
-0.0347970500
-0.0350931857
-0.0353390086
-0.0355984781
-0.0358606693
-0.0362397465
-0.0367712802
-0.0372850215
-0.0376352003
-0.0379135409
-0.0382464111
-0.0385704270
-0.0387839367
-0.0388024873
-0.0387600204
-0.0389084677
-0.0392771456
-0.0398697229
-0.0405244031
-0.0409953717
-0.0414371876
-0.0418641962
-0.0421414853
-0.0425189232
-0.0429402747
-0.0430910802
-0.0432544269
-0.0436624297
-0.0438635515
];
std_array = [
0.1388942583
0.1386541023
0.1383140418
0.1379650613
0.1377365333
0.1374107497
0.1373527602
0.1377623287
0.1381325710
0.1385036745
0.1391797030
0.1398238201
0.1404170512
0.1413050366
0.1423638634
0.1434223081
0.1446684860
0.1461752448
0.1478610361
0.1496786932
0.1516170182
0.1536203137
0.1557080839
0.1578461710
0.1599032176
0.1620600983
0.1645646693
0.1670431420
0.1692646413
0.1714717075
0.1734955602
0.1751952429
0.1770502620
0.1791507344
0.1808724337
0.1820724261
0.1833645140
0.1848759344
0.1860914164
0.1868688124
0.1875971723
0.1884210617
0.1892616450
0.1901806706
0.1910390089
0.1915813211
0.1919628107
0.1924460509
0.1929766995
0.1934722256
0.1941039671
0.1947200577
0.1950132955
0.1953250010
0.1959136162
0.1964151822
0.1966299156
0.1968023088
0.1970755101
0.1972429543
0.1973130212
0.1974814243
0.1977086480
0.1979050418
0.1979343371
0.1977108428
0.1975792071
0.1977078643
0.1977877310
0.1977368554
0.1977689071
0.1979044203
0.1979799364
0.1977756540
0.1972110299
0.1966105118
0.1962742268
0.1958887408
0.1952686728
0.1946991438
0.1942225303
0.1936556121
0.1929742552
0.1921930745
0.1913170438
0.1904066313
0.1893622553
0.1879470545
0.1863541390
0.1848805020
0.1833455994
0.1816338484
0.1798889688
0.1780144325
0.1760797230
0.1743313926
0.1725800090
0.1705649283
0.1684221320
0.1662205433
0.1640497890
0.1621533135
0.1602716893
0.1581168202
0.1560449041
0.1540349073
0.1517762595
0.1496379753
0.1478406323
0.1460166310
0.1441107100
0.1423245392
0.1405550553
0.1386670546
0.1367709338
0.1349873787
0.1333246208
0.1317394032
0.1303005326
0.1289607337
0.1275607323
0.1262032058
0.1251115408
0.1241034838
0.1229831560
0.1219142459
0.1209102354
0.1198067653
0.1188783592
0.1182168541
0.1174108493
0.1164285975
0.1156153737
0.1149441883
0.1142854295
0.1137355438
0.1132331478
0.1124602353
0.1114781761
0.1106857463
0.1101556887
0.1095359258
0.1088129744
0.1081731642
0.1075890366
0.1071150279
0.1068041180
0.1065287251
0.1062551825
0.1060564063
0.1060571698
0.1061812240
0.1064271029
0.1068231636
0.1070530317
0.1070629340
0.1073167295
0.1078024358
0.1081396354
0.1084192648
0.1089561057
0.1095874366
0.1101582451
0.1107233428
0.1113115085
0.1119221977
0.1124254555
0.1127457317
0.1130590585
0.1134903990
0.1139679224
0.1142525714
0.1143007412
0.1142134916
0.1140338036
0.1138951267
0.1139095694
0.1140448108
0.1140941448
0.1138913188
0.1135917393
0.1133480097
0.1130203535
0.1125810595
0.1122397086
0.1119347033
0.1115598394
0.1112868304
0.1111418744
0.1109202475
0.1105684801
0.1102935436
0.1102918250
0.1103774345
0.1103244493
0.1103257098
0.1105012408
0.1107161632
0.1109703842
0.1113723284
0.1119108647
0.1126148042
0.1138096098
0.1154716755
0.1172740291
0.1196352039
0.1227578933
0.1258723133
0.1289423689
0.1325281223
0.1362443006
0.1395131734
0.1425596977
0.1455785787
0.1478577900
0.1488469286
0.1493080972
0.1498191158
0.1494111887
0.1476683374
0.1457506369
0.1436398412
0.1405812836
0.1373393842
0.1341311558
0.1304036769
0.1270073336
0.1244178049
0.1218189143
0.1197262884
0.1191679864
0.1193794357
0.1203142797
0.1229739126
0.1268088272
0.1311582648
0.1364263479
0.1423027386
0.1480826123
0.1537968549
0.1594971623
0.1648393069
0.1693721510
0.1730160646
0.1761113157
0.1783309619
0.1794357799
0.1803015456
0.1808708744
0.1802183229
0.1791237364
0.1783424007
0.1768614634
0.1748667092
0.1733724447
0.1715846115
0.1692925229
0.1676727833
0.1662231075
0.1640435775
0.1620555723
0.1605249796
0.1586568050
0.1567994440
0.1554342962
0.1540177049
0.1522589515
0.1506101236
0.1494793921
0.1484997629
0.1474325292
0.1467969312
0.1466817754
0.1469187065
0.1476359454
0.1484738135
0.1490415313
0.1499429918
0.1513730378
0.1526251128
0.1539909342
0.1558893496
0.1575130479
0.1588084808
0.1606347804
0.1624950349
0.1635648477
0.1646474125
0.1662202610
0.1672421235
0.1675704994
0.1680365497
0.1682763285
0.1677852993
0.1670538190
0.1660518018
0.1643490236
0.1622844013
];
indexLeft = ...
0.14474
