avg_array = [
-0.0351675258
-0.0350333797
-0.0348119819
-0.0346322463
-0.0344571427
-0.0340521226
-0.0334460359
-0.0330793171
-0.0329888463
-0.0328500707
-0.0326271742
-0.0324453248
-0.0323580496
-0.0322402623
-0.0319519603
-0.0314995327
-0.0309688718
-0.0306630004
-0.0305878147
-0.0303540103
-0.0300787255
-0.0300281544
-0.0299995241
-0.0298907543
-0.0298137940
-0.0296639384
-0.0294776076
-0.0296104197
-0.0301437401
-0.0307358765
-0.0310219854
-0.0311798224
-0.0316084646
-0.0319721052
-0.0319306645
-0.0318239521
-0.0317382235
-0.0315742442
-0.0315668254
-0.0315916312
-0.0310543857
-0.0300395175
-0.0290077584
-0.0275596054
-0.0255773854
-0.0237225631
-0.0215510820
-0.0181351799
-0.0143034348
-0.0108368370
-0.0061980494
0.0000370989
0.0058837409
0.0118334454
0.0197004389
0.0280298357
0.0360526271
0.0456559919
0.0561636042
0.0658594974
0.0762820570
0.0882070645
0.0997057015
0.1110401862
0.1237270083
0.1364875969
0.1485303437
0.1612558183
0.1743243135
0.1867143965
0.1995969243
0.2131203079
0.2254923651
0.2370414123
0.2490205161
0.2604905667
0.2707625367
0.2805778577
0.2899842856
0.2984507614
0.3059733379
0.3127796812
0.3188219395
0.3239219826
0.3279681680
0.3309914352
0.3331730744
0.3343359611
0.3343701900
0.3337260390
0.3320893753
0.3289788823
0.3253232032
0.3213129725
0.3158494005
0.3093395263
0.3025281330
0.2946028169
0.2857396307
0.2771148860
0.2679829939
0.2576979943
0.2475713453
0.2375309589
0.2264688053
0.2153533139
0.2048832619
0.1938692215
0.1824162878
0.1718201882
0.1614523566
0.1503765576
0.1396826956
0.1298014160
0.1198161794
0.1102114436
0.1016967163
0.0932891573
0.0846908572
0.0770266633
0.0702333804
0.0635371851
0.0573059252
0.0518952030
0.0469114193
0.0422733396
0.0382583557
0.0347629337
0.0314703823
0.0284771879
0.0262491391
0.0248391105
0.0237975570
0.0230872009
0.0228642377
0.0228553080
0.0231543805
0.0240911884
0.0251025423
0.0258575654
0.0271456771
0.0289685150
0.0304843774
0.0319862983
0.0340109717
0.0360441253
0.0379044763
0.0400624330
0.0422469023
0.0440818440
0.0461851069
0.0485464721
0.0502142352
0.0514687722
0.0529135313
0.0540586333
0.0550603514
0.0563843626
0.0573826188
0.0579202180
0.0585572607
0.0589668445
0.0588775945
0.0587031371
0.0585504887
0.0583702656
0.0581782592
0.0579032353
0.0575770350
0.0571486030
0.0563374066
0.0549950476
0.0534172590
0.0519358648
0.0504538238
0.0487315028
0.0468349154
0.0449870451
0.0431455328
0.0411998521
0.0392055547
0.0372715479
0.0354402924
0.0335708525
0.0315813581
0.0296116832
0.0278139849
0.0261597482
0.0244681987
0.0228287813
0.0214472491
0.0200041328
0.0183075851
0.0168022458
0.0155319192
0.0142463004
0.0131774428
0.0122959955
0.0112895150
0.0103420968
0.0096241191
0.0089426225
0.0083129345
0.0080398656
0.0082009296
0.0084655629
0.0086366891
0.0088242123
0.0089603834
0.0090606920
0.0093406778
0.0095718021
0.0095065122
0.0094902142
0.0098180149
0.0103067105
0.0107763002
0.0114148284
0.0124218057
0.0135783287
0.0145739865
0.0154194009
0.0162558263
0.0170454846
0.0176097764
0.0179381837
0.0181830588
0.0184068267
0.0186011894
0.0187646418
0.0190087970
0.0194177294
0.0197919414
0.0201300686
0.0205929736
0.0209922902
0.0210752147
0.0207476372
0.0203477409
0.0202564130
0.0200841837
0.0196839977
0.0195899709
0.0195372408
0.0189297776
0.0183068856
0.0180729547
0.0176011000
0.0168123052
0.0162290698
0.0156747648
0.0148033248
0.0137611637
0.0127049732
0.0117179131
0.0108567900
0.0100277304
0.0091556655
0.0082502690
0.0073112299
0.0062800247
0.0051571255
0.0041847211
0.0034069651
0.0025061383
0.0014990542
0.0004488302
-0.0008739319
-0.0022591024
-0.0034048276
-0.0044939483
-0.0056178016
-0.0065405976
-0.0071989251
-0.0079317497
-0.0087973045
-0.0095484469
-0.0103486612
-0.0112365262
-0.0119095157
-0.0125200885
-0.0133206453
-0.0140457888
-0.0145519670
-0.0152016483
-0.0160975558
-0.0168344719
-0.0174169689
-0.0181846981
-0.0189683873
-0.0196146529
-0.0204037654
-0.0213151803
-0.0221030302
-0.0230503995
-0.0242705034
-0.0252103145
-0.0259432020
-0.0270340661
-0.0282398433
-0.0291031860
-0.0297405831
-0.0303295449
-0.0308664538
-0.0314424065
-0.0320508786
-0.0324812401
-0.0329070360
-0.0335399583
-0.0338834196
-0.0336767723
-0.0334186858
-0.0332755191
-0.0329459202
-0.0326002506
-0.0326269058
-0.0327575850
-0.0326538860
-0.0325384226
-0.0324478131
-0.0323529878
-0.0326834014
-0.0332784481
-0.0335208262
-0.0337979713
-0.0345744732
-0.0352053167
-0.0352859915
-0.0352310043
-0.0352901073
-0.0354804988
-0.0358127659
-0.0360632076
];
