avg_array = [
-0.0449546875
-0.0444571461
-0.0440628125
-0.0439471940
-0.0433509383
-0.0425230887
-0.0420978073
-0.0415760033
-0.0406743761
-0.0398384560
-0.0390019003
-0.0381407901
-0.0374936394
-0.0366237683
-0.0353960189
-0.0344791927
-0.0339247133
-0.0331226887
-0.0320511864
-0.0311618637
-0.0303710052
-0.0294148091
-0.0285331556
-0.0279548520
-0.0275668067
-0.0270251708
-0.0262404282
-0.0256604012
-0.0253649407
-0.0251056869
-0.0248003458
-0.0241802192
-0.0233421378
-0.0227098949
-0.0220566923
-0.0212656604
-0.0207828130
-0.0203079505
-0.0191566498
-0.0176786749
-0.0163376874
-0.0146570530
-0.0127006519
-0.0112172386
-0.0095731066
-0.0069510204
-0.0044180174
-0.0025786725
-0.0002329161
0.0027789101
0.0054503324
0.0082222280
0.0118368880
0.0155116936
0.0189280049
0.0228024597
0.0267012595
0.0302852028
0.0346217225
0.0395044620
0.0438464545
0.0482290284
0.0532598416
0.0582866772
0.0632820162
0.0685326098
0.0734589093
0.0781840742
0.0831709878
0.0879021899
0.0924835437
0.0975135562
0.1024473815
0.1068516822
0.1114167134
0.1163647531
0.1210871451
0.1256822862
0.1306364978
0.1353573915
0.1393565672
0.1433289161
0.1473865212
0.1510199785
0.1546937284
0.1588470503
0.1630257742
0.1671348950
0.1712972679
0.1750937011
0.1784448226
0.1817003831
0.1847173334
0.1875624446
0.1908386494
0.1942338957
0.1973017651
0.2005111343
0.2034960637
0.2054873699
0.2071588656
0.2091713239
0.2109437905
0.2120762541
0.2128830666
0.2135202963
0.2139109873
0.2141287648
0.2141382579
0.2137838151
0.2132168863
0.2123690967
0.2107645703
0.2086858740
0.2067537388
0.2046027607
0.2020218187
0.1994819437
0.1966993317
0.1931959441
0.1894153226
0.1856733050
0.1815954235
0.1773596980
0.1733738259
0.1691637148
0.1646957252
0.1604306567
0.1558834864
0.1508589012
0.1460464490
0.1414060619
0.1366500969
0.1321691252
0.1277199112
0.1226737290
0.1175450569
0.1129416044
0.1085656222
0.1043030045
0.1003071268
0.0963750487
0.0925106626
0.0889756839
0.0856573069
0.0822443385
0.0786890142
0.0753043271
0.0726114722
0.0706684063
0.0687138042
0.0662668818
0.0636644827
0.0612219302
0.0590080212
0.0573763908
0.0566965570
0.0562861608
0.0552133819
0.0537944573
0.0527547094
0.0521608322
0.0517257681
0.0514526391
0.0515011213
0.0515812261
0.0515113638
0.0516202472
0.0516138009
0.0509342039
0.0502174634
0.0500431941
0.0498986938
0.0495938330
0.0493628469
0.0488859068
0.0479695961
0.0471717580
0.0466878987
0.0460143464
0.0450566688
0.0441199087
0.0431087132
0.0418377782
0.0405518788
0.0393525808
0.0380546017
0.0367667143
0.0355622606
0.0343235186
0.0331538366
0.0319632106
0.0303929475
0.0286381324
0.0271472242
0.0257162669
0.0239972873
0.0222137956
0.0206729143
0.0191370976
0.0173196936
0.0155653834
0.0141286553
0.0127081057
0.0112070442
0.0098213344
0.0084570019
0.0069607728
0.0056219716
0.0045779161
0.0035700401
0.0024776313
0.0012331803
0.0000016166
-0.0009267830
-0.0018631053
-0.0029941464
-0.0037649497
-0.0040316522
-0.0042496798
-0.0045231607
-0.0047251741
-0.0049074674
-0.0050727221
-0.0051031817
-0.0051924271
-0.0055931679
-0.0059128189
-0.0058864510
-0.0059684218
-0.0062413513
-0.0062241158
-0.0060850717
-0.0063703986
-0.0066544169
-0.0064580528
-0.0061452196
-0.0058771534
-0.0057572154
-0.0058918041
-0.0058403966
-0.0055853962
-0.0056025888
-0.0056745120
-0.0054331499
-0.0053828747
-0.0057651365
-0.0059154942
-0.0057769215
-0.0059213281
-0.0062816098
-0.0063671302
-0.0060675958
-0.0057581737
-0.0057178382
-0.0058942694
-0.0062425005
-0.0065987862
-0.0066689374
-0.0065007323
-0.0064591528
-0.0066865827
-0.0069065131
-0.0068742426
-0.0067791675
-0.0068935290
-0.0070877438
-0.0072546998
-0.0075181092
-0.0078374530
-0.0082791485
-0.0089519593
-0.0096332116
-0.0101841908
-0.0107043328
-0.0114036612
-0.0123792858
-0.0132565199
-0.0139231263
-0.0147795374
-0.0156576456
-0.0162172069
-0.0167380398
-0.0173881587
-0.0180581365
-0.0187446506
-0.0192874904
-0.0195935009
-0.0199529815
-0.0204263447
-0.0207428652
-0.0210635049
-0.0216752136
-0.0223032120
-0.0227021336
-0.0229216643
-0.0229758015
-0.0229803234
-0.0231860961
-0.0237592502
-0.0244841591
-0.0251008350
-0.0256498463
-0.0259391309
-0.0259505514
-0.0261461142
-0.0264711044
-0.0266358810
-0.0269504384
-0.0276698172
-0.0283011854
-0.0284982696
-0.0287946423
-0.0293536649
-0.0296073713
-0.0296959811
-0.0301273054
-0.0304795892
-0.0304519090
-0.0305555730
-0.0307947175
-0.0309282845
-0.0312216444
-0.0316395606
-0.0319620655
-0.0324324715
-0.0331819179
-0.0339063794
-0.0344196052
-0.0348653661
-0.0355635209
-0.0366313700
-0.0377386966
-0.0387875904
-0.0398897714
-0.0408393246
-0.0416621179
-0.0426032298
-0.0435947188
-0.0443072927
-0.0445710394
-0.0447752543
-0.0453452941
-0.0459971113
-0.0463145515
-0.0465589307
-0.0469697526
-0.0472543133
-0.0473818216
-0.0475350777
];
