avg_array = [
-0.0368094572
-0.0365259012
-0.0363248791
-0.0363792388
-0.0362360840
-0.0361604029
-0.0362902495
-0.0363061795
-0.0362660750
-0.0362331567
-0.0360141663
-0.0356836786
-0.0353760651
-0.0349269707
-0.0344226947
-0.0341852846
-0.0340908372
-0.0338092500
-0.0332037482
-0.0324888696
-0.0322357323
-0.0325570197
-0.0327030987
-0.0322255566
-0.0316828609
-0.0314397330
-0.0313344222
-0.0314812840
-0.0318233648
-0.0320915614
-0.0323613841
-0.0327939809
-0.0334801132
-0.0341034312
-0.0341786887
-0.0340488375
-0.0342414187
-0.0345983147
-0.0346810024
-0.0343974950
-0.0343441632
-0.0347977600
-0.0352142469
-0.0354467441
-0.0357799093
-0.0359920348
-0.0356427095
-0.0349301313
-0.0344038222
-0.0341858762
-0.0340256402
-0.0337940763
-0.0334875620
-0.0330096467
-0.0327399645
-0.0329694090
-0.0327314094
-0.0315522257
-0.0304706963
-0.0297657555
-0.0287111953
-0.0274956469
-0.0264585755
-0.0250248208
-0.0233357984
-0.0221490259
-0.0209022335
-0.0187928038
-0.0164117619
-0.0141917223
-0.0114601205
-0.0082917701
-0.0054061453
-0.0022764463
0.0013894749
0.0046894071
0.0081116180
0.0126704875
0.0172698623
0.0212185926
0.0258505052
0.0313337948
0.0365960779
0.0421411015
0.0485767109
0.0549480588
0.0612592431
0.0684068128
0.0756092047
0.0823141949
0.0897175838
0.0978700181
0.1056630919
0.1134737559
0.1218944494
0.1301437319
0.1380756844
0.1464212749
0.1547573823
0.1624966177
0.1702886643
0.1781690063
0.1852666975
0.1919965174
0.1991359530
0.2060841360
0.2124399557
0.2185561452
0.2243142266
0.2295109234
0.2341096402
0.2379535939
0.2412004005
0.2440297325
0.2462478098
0.2478936392
0.2489887958
0.2492181952
0.2488456557
0.2481933350
0.2468256015
0.2445307053
0.2417607743
0.2388114346
0.2353392014
0.2313277219
0.2270555119
0.2220089298
0.2163548441
0.2110207484
0.2054633136
0.1991969007
0.1929435569
0.1862804402
0.1786709360
0.1713686496
0.1648316853
0.1579875013
0.1508365950
0.1442110501
0.1378272942
0.1311124336
0.1246993458
0.1189754632
0.1131428460
0.1072191071
0.1020916553
0.0973823658
0.0924412817
0.0878810475
0.0838947800
0.0800561797
0.0766749713
0.0740846412
0.0719827885
0.0699591152
0.0679861633
0.0661628106
0.0643007110
0.0624833642
0.0611059712
0.0602506101
0.0598385836
0.0596103655
0.0592672406
0.0590283939
0.0591735395
0.0594197281
0.0594959867
0.0597717771
0.0603854531
0.0609156077
0.0613651393
0.0618207281
0.0621404691
0.0626044381
0.0634163128
0.0642027297
0.0647317803
0.0651047694
0.0651755844
0.0649833518
0.0649607554
0.0648588500
0.0641584638
0.0632146381
0.0623862502
0.0613302340
0.0601029001
0.0590528128
0.0578768664
0.0566204813
0.0556610690
0.0544437197
0.0526066557
0.0508001719
0.0491132285
0.0470504054
0.0448750059
0.0429046952
0.0409259592
0.0389196054
0.0369214753
0.0348902221
0.0328688613
0.0306605168
0.0283423139
0.0264957875
0.0249471009
0.0232032565
0.0217314649
0.0206412548
0.0193351484
0.0180967321
0.0171432869
0.0160505852
0.0151202651
0.0143643481
0.0132869553
0.0123770339
0.0118826196
0.0112013807
0.0103426169
0.0095569115
0.0086441761
0.0078157403
0.0074437511
0.0071211166
0.0065063345
0.0058631562
0.0052550058
0.0045274613
0.0037727721
0.0031014842
0.0023054267
0.0013965093
0.0008685940
0.0006416241
0.0000871061
-0.0006400774
-0.0009966284
-0.0013010357
-0.0019655517
-0.0025110853
-0.0027708506
-0.0031597396
-0.0034055436
-0.0035107241
-0.0040781073
-0.0047135162
-0.0049691664
-0.0053089023
-0.0058318103
-0.0062046544
-0.0065101902
-0.0069586832
-0.0073368946
-0.0073682651
-0.0073930079
-0.0079001255
-0.0085574079
-0.0089005773
-0.0091769250
-0.0095501759
-0.0099070553
-0.0103682594
-0.0109573202
-0.0114385980
-0.0117735842
-0.0122077210
-0.0127273648
-0.0131445107
-0.0135758886
-0.0138578265
-0.0138785715
-0.0142629680
-0.0149803175
-0.0155797619
-0.0164609200
-0.0174961179
-0.0179820076
-0.0182329532
-0.0187038108
-0.0192170830
-0.0198545969
-0.0206101488
-0.0211571004
-0.0215826231
-0.0220114953
-0.0224215363
-0.0230363541
-0.0238855613
-0.0245698310
-0.0249170537
-0.0251384206
-0.0253681633
-0.0256133848
-0.0257352541
-0.0255999789
-0.0254125483
-0.0255209276
-0.0260425371
-0.0266154385
-0.0267253040
-0.0266171284
-0.0268019274
-0.0268337983
-0.0264822756
-0.0265531783
-0.0270604221
-0.0271626134
-0.0268895276
-0.0266888803
-0.0265028580
-0.0264387090
-0.0266690381
-0.0267289428
-0.0264077577
-0.0261321248
-0.0259214377
-0.0258078130
-0.0261349981
-0.0264389194
-0.0262784597
-0.0262127032
-0.0264445319
-0.0265719122
-0.0264717965
-0.0260499467
-0.0254369954
-0.0254674708
-0.0265209343
-0.0275580169
-0.0277067237
-0.0275037888
-0.0274670293
-0.0275539427
-0.0279366966
-0.0285459033
-0.0289410910
-0.0290286615
-0.0290706812
-0.0292599770
-0.0295961658
-0.0300680692
-0.0306009180
-0.0310587546
-0.0316333989
-0.0324189690
-0.0329393787
-0.0331782372
-0.0336317189
-0.0340393294
-0.0341292306
-0.0343740639
-0.0347797128
-0.0349530671
-0.0350641923
-0.0353479605
-0.0355496713
-0.0355713098
-0.0358815892
-0.0363490665
];
