avg_array = [
-0.0187409923
-0.0185274842
-0.0184325718
-0.0183456405
-0.0179291817
-0.0174658281
-0.0172039392
-0.0168085971
-0.0161585459
-0.0154931739
-0.0147826818
-0.0140753700
-0.0138013739
-0.0137584208
-0.0131835963
-0.0123681598
-0.0120126858
-0.0116492551
-0.0109472793
-0.0104699304
-0.0100933987
-0.0093428727
-0.0085697611
-0.0081328959
-0.0079133122
-0.0078251748
-0.0077814112
-0.0075172069
-0.0071096675
-0.0070060927
-0.0071149251
-0.0070033746
-0.0067324736
-0.0065707736
-0.0064957473
-0.0063251719
-0.0060090614
-0.0057475213
-0.0057545101
-0.0058313796
-0.0058232636
-0.0061394824
-0.0067014238
-0.0069197700
-0.0069990301
-0.0072922688
-0.0075403826
-0.0076095533
-0.0078004499
-0.0083239383
-0.0088503823
-0.0091062084
-0.0094021741
-0.0098193085
-0.0101708182
-0.0106492622
-0.0110609447
-0.0110697397
-0.0112390400
-0.0118113588
-0.0121782573
-0.0122208393
-0.0123557665
-0.0125644339
-0.0125170461
-0.0124511427
-0.0126204128
-0.0125688537
-0.0121865552
-0.0117660226
-0.0110818108
-0.0100461889
-0.0090589346
-0.0079874410
-0.0062605007
-0.0041755828
-0.0023010594
0.0001079861
0.0034879122
0.0068344328
0.0103317159
0.0148892019
0.0197209373
0.0244822271
0.0302908029
0.0368249142
0.0430049153
0.0497743801
0.0577051781
0.0653398539
0.0727768270
0.0811528386
0.0894059031
0.0969889469
0.1052332378
0.1138475545
0.1216884113
0.1295114323
0.1377632282
0.1453312334
0.1523263652
0.1594963345
0.1660659278
0.1716743715
0.1770716369
0.1821748590
0.1864549384
0.1901694112
0.1935390639
0.1963034435
0.1984677081
0.2000338828
0.2010038566
0.2014241443
0.2008143505
0.1992474977
0.1975148409
0.1954672990
0.1927183551
0.1897800745
0.1864478210
0.1817732220
0.1763550437
0.1711401078
0.1654343133
0.1590595232
0.1529580693
0.1467250584
0.1397325989
0.1329268469
0.1263151546
0.1186493481
0.1105204875
0.1031907640
0.0959108531
0.0881739405
0.0811771038
0.0747608520
0.0676182409
0.0603756512
0.0539549764
0.0477541508
0.0417177504
0.0363915156
0.0313255477
0.0261699938
0.0215562092
0.0176042617
0.0136088322
0.0095232520
0.0059577274
0.0031411806
0.0010288057
-0.0004772899
-0.0017778756
-0.0032373243
-0.0048057784
-0.0061746995
-0.0070758866
-0.0075584169
-0.0076220692
-0.0070688151
-0.0061340835
-0.0051983632
-0.0042003463
-0.0031021821
-0.0019871190
-0.0006149314
0.0010959209
0.0028918017
0.0048490268
0.0069527634
0.0086869957
0.0101220379
0.0117930115
0.0133721373
0.0147236962
0.0165926617
0.0188212542
0.0207296550
0.0224804779
0.0241484654
0.0253866922
0.0263698055
0.0275576649
0.0287592633
0.0296547687
0.0305513954
0.0314308559
0.0319108175
0.0322454980
0.0324905068
0.0323358431
0.0321913290
0.0323137633
0.0322399640
0.0318639747
0.0313694006
0.0306644977
0.0298249108
0.0291605073
0.0285319889
0.0275539671
0.0262445399
0.0248496119
0.0236807680
0.0229695346
0.0222640828
0.0209443145
0.0193300916
0.0179513796
0.0165277468
0.0147714880
0.0130664661
0.0115393295
0.0099439866
0.0085646634
0.0074714990
0.0060799282
0.0043795376
0.0028980832
0.0017204336
0.0006894036
-0.0002581029
-0.0013648735
-0.0027067469
-0.0039625529
-0.0051452209
-0.0065363721
-0.0078929376
-0.0086587792
-0.0089358070
-0.0094284468
-0.0101183772
-0.0105089656
-0.0108881445
-0.0114036468
-0.0116156887
-0.0118286911
-0.0123940287
-0.0126636480
-0.0123513811
-0.0120178107
-0.0117894815
-0.0112863773
-0.0105843007
-0.0099412906
-0.0092994155
-0.0088736752
-0.0088580779
-0.0087781761
-0.0084357770
-0.0081971157
-0.0079113507
-0.0072943671
-0.0067428926
-0.0064450659
-0.0060116493
-0.0054311363
-0.0050138323
-0.0046656558
-0.0042552230
-0.0038531502
-0.0034739338
-0.0034041541
-0.0039120778
-0.0045444481
-0.0048082704
-0.0049196813
-0.0049952762
-0.0048781934
-0.0048600193
-0.0050553203
-0.0052731264
-0.0056094654
-0.0059976944
-0.0063259053
-0.0067937035
-0.0074425387
-0.0080585287
-0.0086381501
-0.0094750693
-0.0105342767
-0.0114357210
-0.0121502076
-0.0129993748
-0.0141197712
-0.0152293158
-0.0161542385
-0.0170502110
-0.0179206503
-0.0188577954
-0.0200282230
-0.0210393485
-0.0215679236
-0.0219260379
-0.0222510731
-0.0222693273
];
std_array = [
0.1199322329
0.1191470109
0.1185304303
0.1181637906
0.1176971264
0.1172818197
0.1173706015
0.1176303439
0.1177784984
0.1182199527
0.1188423863
0.1193113831
0.1198592964
0.1204835102
0.1210380869
0.1216540897
0.1222948814
0.1231250017
0.1242835335
0.1253821318
0.1264291343
0.1277075075
0.1289071943
0.1297745519
0.1307768199
0.1320774825
0.1331831940
0.1340489063
0.1349903877
0.1358798929
0.1365890658
0.1374157678
0.1384995293
0.1393270653
0.1396716096
0.1401523449
0.1408255705
0.1411002624
0.1410400811
0.1411754526
0.1415472476
0.1418790224
0.1421843944
0.1425629172
0.1428178011
0.1430206078
0.1434001942
0.1435769656
0.1434037264
0.1434521651
0.1436917152
0.1437750939
0.1440594844
0.1445585008
0.1449113864
0.1452770965
0.1455961101
0.1455832296
0.1453914724
0.1452320827
0.1451456116
0.1450745116
0.1449327183
0.1448464806
0.1446613201
0.1441637142
0.1437373189
0.1434696267
0.1430746454
0.1428106996
0.1426951184
0.1422517647
0.1417064698
0.1412812403
0.1405764719
0.1397751696
0.1394083902
0.1391663343
0.1387114437
0.1384590896
0.1384740692
0.1381924490
0.1376605256
0.1371117098
0.1365540556
0.1364454657
0.1368027387
0.1370067785
0.1370843193
0.1373799147
0.1377512003
0.1381658108
0.1388526642
0.1394190952
0.1394708459
0.1395571091
0.1399595289
0.1402737975
0.1404532996
0.1406908638
0.1408086898
0.1407589693
0.1409995294
0.1413642160
0.1413431401
0.1413803009
0.1416065990
0.1412507798
0.1405023076
0.1400167928
0.1394685837
0.1388240072
0.1386528304
0.1385908488
0.1380208355
0.1371895272
0.1363319948
0.1351897716
0.1339435368
0.1330691653
0.1322892606
0.1311482398
0.1300925266
0.1294110071
0.1287587089
0.1281273997
0.1274482921
0.1263458913
0.1251826754
0.1244090275
0.1236770589
0.1226402424
0.1216830944
0.1210884830
0.1203588211
0.1193634589
0.1184794801
0.1176667597
0.1167642695
0.1159139216
0.1150951162
0.1142503475
0.1136090413
0.1131214291
0.1123436128
0.1113311577
0.1104645603
0.1094950691
0.1083322787
0.1074349475
0.1066248145
0.1055030910
0.1044590746
0.1036848053
0.1028299686
0.1021050131
0.1018320016
0.1013814194
0.1006365795
0.1003079137
0.1003715062
0.1002883510
0.1003405557
0.1008461457
0.1012631364
0.1015657816
0.1022113604
0.1029045003
0.1032557565
0.1036315125
0.1045151624
0.1057015480
0.1069739502
0.1082024496
0.1090350841
0.1094742924
0.1099507606
0.1105177992
0.1110800470
0.1116809873
0.1122062666
0.1124133956
0.1122490350
0.1120538683
0.1120608397
0.1122738741
0.1125948800
0.1127224420
0.1125883587
0.1124633389
0.1123412000
0.1119217974
0.1113055139
0.1108773660
0.1106284205
0.1104834492
0.1105249779
0.1105197577
0.1102225394
0.1098514630
0.1097056631
0.1099169186
0.1105259826
0.1114454298
0.1124085941
0.1133028409
0.1143672255
0.1154472444
0.1166062052
0.1183009659
0.1199732074
0.1210385234
0.1219076716
0.1228955949
0.1238260558
0.1246939298
0.1256182340
0.1264936498
0.1273423674
0.1283874159
0.1293361125
0.1299230856
0.1306138944
0.1313773081
0.1315167867
0.1313737594
0.1314602192
0.1311758229
0.1305144577
0.1303190130
0.1304321618
0.1302551058
0.1299463325
0.1298651049
0.1298722199
0.1298362916
0.1300017446
0.1300974034
0.1297395854
0.1294062140
0.1294004624
0.1293402211
0.1291035649
0.1290001100
0.1292075881
0.1297247452
0.1304126436
0.1307832713
0.1308250522
0.1310700918
0.1312124707
0.1311004259
0.1314860630
0.1321124439
0.1324102163
0.1327633038
0.1332705823
0.1334441027
0.1330528583
0.1325655672
0.1324742461
0.1327066039
0.1331797480
0.1335088651
0.1331750622
0.1326385828
0.1324418861
0.1322550495
0.1320962057
0.1322908732
0.1322705210
0.1316851739
0.1313536876
0.1315087576
0.1313666270
0.1308356569
0.1306306546
0.1309455080
0.1313678173
0.1319889472
0.1333637001
0.1355540758
0.1380383039
0.1409498696
0.1450521444
0.1497969352
0.1542459008
0.1587051872
0.1633316897
0.1676892157
0.1713057028
0.1739707489
0.1761338543
0.1776546028
0.1776372887
0.1766684776
0.1754600388
0.1727451977
];
indexLeft = ...
0.042174
idxRight = ...
0.071577
