avg = [
-0.0183614037
-0.0182339029
-0.0182660073
-0.0179791155
-0.0178518669
-0.0177243501
-0.0170235600
-0.0173110004
-0.0166729197
-0.0166099263
-0.0156854511
-0.0146969863
-0.0144098170
-0.0137730236
-0.0136136567
-0.0122102664
-0.0108076236
-0.0094682224
-0.0082568537
-0.0065354420
-0.0046862753
-0.0031234772
-0.0014653364
0.0007023593
0.0028065493
0.0039217473
0.0061534497
0.0084484313
0.0097554250
0.0119871539
0.0142823625
0.0165454354
0.0183946276
0.0210723851
0.0231441983
0.0251846445
0.0279580240
0.0304761240
0.0324846931
0.0350991847
0.0380317058
0.0406775572
0.0432912941
0.0464796042
0.0491254681
0.0514854764
0.0543863389
0.0569363229
0.0596459621
0.0622280740
0.0647466904
0.0668506308
0.0688589308
0.0711541409
0.0724290080
0.0736084980
0.0754574278
0.0763502320
0.0763502353
0.0768602754
0.0770199320
0.0774980961
0.0774343391
0.0763186124
0.0760317090
0.0751391339
0.0740871641
0.0729076672
0.0709631409
0.0702299479
0.0689867348
0.0672015828
0.0658308168
0.0643963134
0.0624198811
0.0606984337
0.0592320452
0.0573512261
0.0553747982
0.0534302370
0.0514216656
0.0491902203
0.0475325716
0.0454924027
0.0436434920
0.0414757935
0.0397862456
0.0372041262
0.0351639440
0.0345261155
0.0333782672
0.0315612208
0.0305732486
0.0295210313
0.0285965605
0.0275445967
0.0265882784
0.0263013697
0.0255044117
0.0251537640
0.0251535097
0.0243886742
0.0237508717
0.0232727144
0.0231770545
0.0234323403
0.0235917307
0.0235601000
0.0236557342
0.0238467148
0.0243248848
0.0240379857
0.0238785958
0.0241015178
0.0236233310
0.0237827351
0.0237189745
0.0230176450
0.0220932095
0.0220613172
0.0216471578
0.0208820889
0.0207864491
0.0197663746
0.0193840854
0.0180133328
0.0175673068
0.0174716701
0.0163559441
0.0155271291
0.0151445723
0.0141882458
0.0134869183
0.0129450001
0.0118292749
0.0112554620
0.0102672487
0.0096932038
0.0089599902
0.0076530049
0.0068241839
0.0055809333
0.0053577911
0.0057722090
0.0048158747
0.0047199773
0.0041459401
0.0039865626
0.0032214934
0.0032217545
0.0027433425
0.0025839554
0.0025199345
0.0024880361
0.0019461246
0.0019139782
0.0022644190
0.0015630884
0.0016271032
0.0017227430
0.0015949634
0.0007977277
0.0003196099
0.0000966859
-0.0004133570
-0.0007635213
-0.0007632595
-0.0003804876
-0.0005396090
-0.0007946356
-0.0004123412
-0.0003167203
-0.0009226544
-0.0006673662
-0.0006992310
-0.0006992330
-0.0005717340
-0.0009545429
-0.0011776828
-0.0011779472
-0.0018792916
-0.0016240145
-0.0020065287
-0.0021977792
-0.0025163320
-0.0027713167
-0.0027713187
-0.0030263488
-0.0035682580
-0.0035682514
-0.0041744411
-0.0040793400
-0.0044621191
-0.0045572665
-0.0048441742
-0.0058640174
-0.0055771006
-0.0056725034
-0.0060542947
-0.0053532228
-0.0047475672
-0.0054491294
-0.0051938289
-0.0051943437
-0.0050346963
-0.0048434294
-0.0054174703
-0.0054493447
-0.0057046187
-0.0058318983
-0.0057046294
-0.0057046310
-0.0061190361
-0.0059596805
-0.0057362626
-0.0058321667
-0.0050033396
-0.0054812482
-0.0053220924
-0.0054177322
-0.0050991866
-0.0053223048
-0.0053546945
-0.0051631711
-0.0053228191
-0.0050040383
-0.0050364361
-0.0049412933
-0.0049091756
-0.0047179157
-0.0037618340
-0.0041122361
-0.0040163515
-0.0031869976
-0.0029314787
-0.0032504932
-0.0029954616
-0.0032826203
-0.0038564157
-0.0033147608
-0.0029959967
-0.0039204504
-0.0042713652
-0.0043667075
-0.0045258718
-0.0045258585
-0.0049724111
-0.0053865891
-0.0056097121
-0.0053863187
-0.0049081493
-0.0058642473
-0.0059596201
-0.0058639981
-0.0052899481
-0.0048118157
-0.0051943432
-0.0047161703
-0.0053853458
-0.0049071769
-0.0047477884
-0.0047161424
-0.0040467037
-0.0040467165
-0.0043017487
-0.0045886718
-0.0043020261
-0.0047801788
-0.0048442029
-0.0057689095
-0.0056732493
-0.0060879111
-0.0059922815
-0.0063426656
-0.0066938398
-0.0071079976
-0.0069488664
-0.0072352453
-0.0074267810
-0.0069804958
-0.0068845992
-0.0073946518
-0.0075861548
-0.0071082736
-0.0080959595
-0.0085106361
-0.0081599896
-0.0088615315
-0.0092440748
-0.0088615453
-0.0091487213
-0.0089572208
-0.0090849881
-0.0095310407
-0.0092122376
-0.0087021769
-0.0089893381
-0.0089569738
-0.0096269095
-0.0098181764
-0.0094037708
-0.0096263881
-0.0102960792
-0.0101683085
-0.0105829769
-0.0107737274
-0.0112526708
-0.0112524095
-0.0114755667
-0.0118897195
-0.0116662997
-0.0120167018
-0.0121441962
-0.0117295293
-0.0122077140
-0.0120485696
-0.0118889317
-0.0119848233
-0.0119531953
-0.0123354646
-0.0120490820
-0.0121452447
-0.0124640381
];
