avg = [
-0.0474384840
-0.0471340066
-0.0470250533
-0.0472036132
-0.0469923292
-0.0474384717
-0.0470181458
-0.0471853553
-0.0466595250
-0.0455376561
-0.0449268259
-0.0443068858
-0.0439161283
-0.0433635514
-0.0422753910
-0.0416478863
-0.0413525623
-0.0412990005
-0.0401415868
-0.0392955344
-0.0390209566
-0.0380430241
-0.0371349637
-0.0363988335
-0.0354980358
-0.0344407274
-0.0338094225
-0.0328692667
-0.0317231478
-0.0303264509
-0.0293761967
-0.0288607849
-0.0279665736
-0.0270685947
-0.0258167303
-0.0250122237
-0.0241498119
-0.0231429162
-0.0227549857
-0.0211945508
-0.0200349014
-0.0192483882
-0.0180777349
-0.0170097175
-0.0159118173
-0.0145824799
-0.0134329170
-0.0121756664
-0.0108809868
-0.0089247800
-0.0071221843
-0.0059691457
-0.0039855364
-0.0027043666
-0.0011467450
0.0008850400
0.0028607867
0.0039775981
0.0062137601
0.0086413234
0.0108853366
0.0127736071
0.0148645659
0.0169539838
0.0193374912
0.0214653214
0.0240238846
0.0260600539
0.0283088098
0.0311148805
0.0323399877
0.0346211292
0.0372385735
0.0396702769
0.0415436547
0.0441733736
0.0465590651
0.0477662626
0.0498421427
0.0523651127
0.0539519819
0.0564264971
0.0587013388
0.0600908525
0.0616443577
0.0636116239
0.0646563235
0.0655769997
0.0662692988
0.0677044654
0.0686629099
0.0701559972
0.0712668224
0.0716477851
0.0723505588
0.0725246929
0.0729116528
0.0726506259
0.0737753143
0.0741172454
0.0744233322
0.0750401067
0.0751811778
0.0743326465
0.0738552620
0.0740467378
0.0739198672
0.0729592157
0.0731610368
0.0728805036
0.0718197552
0.0716166371
0.0714938555
0.0711805436
0.0703105995
0.0702967467
0.0699340143
0.0692580225
0.0693159371
0.0690215284
0.0682230554
0.0677343904
0.0672901280
0.0665366518
0.0659233069
0.0654293118
0.0648379968
0.0636068827
0.0632246165
0.0625480234
0.0616487782
0.0608206991
0.0607280874
0.0596679726
0.0588707645
0.0584009877
0.0578160026
0.0566717852
0.0561966335
0.0557161646
0.0554749910
0.0544224013
0.0540640505
0.0529435151
0.0522089224
0.0508185060
0.0491758912
0.0486038172
0.0474957855
0.0459365871
0.0446069176
0.0432413681
0.0420587670
0.0404677623
0.0394532764
0.0388074970
0.0371841268
0.0360335730
0.0349624169
0.0338698441
0.0323745646
0.0310121778
0.0293298747
0.0279829313
0.0270304701
0.0258714848
0.0241224107
0.0232952686
0.0214070711
0.0203466193
0.0187713675
0.0171309358
0.0162162259
0.0146787645
0.0133884588
0.0129092617
0.0116875960
0.0110008708
0.0099926953
0.0092291443
0.0079382008
0.0073721217
0.0071176819
0.0058516717
0.0049076890
0.0050273392
0.0049754069
0.0045843305
0.0044243981
0.0041328192
0.0041309579
0.0038141867
0.0040604034
0.0039826283
0.0032719962
0.0031315667
0.0029905165
0.0018904090
0.0017408316
0.0013270854
-0.0002837297
-0.0010189406
-0.0014348830
-0.0022119146
-0.0027525495
-0.0028293417
-0.0036253230
-0.0044162640
-0.0039729208
-0.0048019557
-0.0055311972
-0.0055236418
-0.0055308761
-0.0062427874
-0.0063264756
-0.0070705379
-0.0079533920
-0.0093586193
-0.0096857563
-0.0105195001
-0.0114033140
-0.0115884665
-0.0121706505
-0.0132880887
-0.0144187425
-0.0152883901
-0.0155985392
-0.0161989807
-0.0165881249
-0.0168850557
-0.0169808057
-0.0171350651
-0.0176060995
-0.0177484094
-0.0186369340
-0.0188778137
-0.0186548778
-0.0190466019
-0.0195210514
-0.0194508618
-0.0196149099
-0.0196769236
-0.0197981462
-0.0196819943
-0.0198120189
-0.0193438038
-0.0191013717
-0.0192770307
-0.0188567090
-0.0180138250
-0.0183457203
-0.0181470226
-0.0171712575
-0.0164294453
-0.0155786948
-0.0154367156
-0.0147310967
-0.0143287226
-0.0136517456
-0.0128856798
-0.0128812907
-0.0121401085
-0.0119653561
-0.0122559741
-0.0122096756
-0.0119678709
-0.0123265129
-0.0126841763
-0.0128586126
-0.0126816849
-0.0134952821
-0.0137289189
-0.0141149310
-0.0144751197
-0.0154546534
-0.0156735011
-0.0158296621
-0.0159515165
-0.0169319587
-0.0171599236
-0.0174316658
-0.0184262948
-0.0188696173
-0.0195421626
-0.0196819958
-0.0205333650
-0.0208529660
-0.0212065500
-0.0217751926
-0.0220705478
-0.0220856220
-0.0229300843
-0.0224048642
-0.0226278245
-0.0227036750
-0.0223843981
-0.0223633198
-0.0225487717
-0.0230248283
-0.0225827906
-0.0222965561
-0.0224344830
-0.0226715396
-0.0223683484
-0.0221391350
-0.0216596067
-0.0218733816
-0.0216860618
-0.0216705967
-0.0213941675
-0.0212562491
-0.0204571495
-0.0207291972
-0.0200768009
-0.0209272278
-0.0201986363
-0.0203447495
-0.0198340358
-0.0201498684
-0.0202461995
-0.0202153349
-0.0199858001
-0.0201637305
-0.0200179390
-0.0200777236
-0.0200758440
-0.0201325340
-0.0205940976
-0.0205566175
-0.0204713514
-0.0215969637
-0.0213456948
-0.0213989105
-0.0212503190
-0.0216630668
-0.0213142005
-0.0214269302
-0.0216136425
-0.0218752778
-0.0220151052
-0.0226249892
-0.0231318934
-0.0226183590
-0.0232064995
-0.0234505323
-0.0237638336
-0.0239020325
-0.0246866594
];
