avg_array = [
-0.0033882219
-0.0032323164
-0.0031287902
-0.0029314238
-0.0027559620
-0.0026563146
-0.0026105518
-0.0025588229
-0.0023456954
-0.0020405604
-0.0018726436
-0.0019232368
-0.0019935563
-0.0018981982
-0.0018188340
-0.0017821031
-0.0015443447
-0.0012227608
-0.0010637048
-0.0010660375
-0.0011190101
-0.0010744500
-0.0008740049
-0.0006342099
-0.0005074810
-0.0004624257
-0.0004210884
-0.0003975315
-0.0002593726
0.0000480590
0.0002655836
0.0002853188
0.0002846028
0.0003058493
0.0002882760
0.0003139231
0.0004930952
0.0008536343
0.0010926190
0.0008969005
0.0007677954
0.0011066495
0.0014196707
0.0014964229
0.0015760587
0.0016336524
0.0016671609
0.0017445660
0.0017784754
0.0018302419
0.0020694897
0.0024022207
0.0024895437
0.0023821936
0.0026150796
0.0029952959
0.0029454418
0.0028368668
0.0029920444
0.0031132184
0.0033041321
0.0036581984
0.0037629664
0.0035815841
0.0035310852
0.0037746596
0.0041266566
0.0043428537
0.0044338427
0.0046281516
0.0049405140
0.0051123297
0.0051247749
0.0052258286
0.0053937895
0.0054186841
0.0053012947
0.0052239553
0.0053682146
0.0057572445
0.0061642717
0.0063158254
0.0062718832
0.0063094738
0.0064656704
0.0066156839
0.0067690725
0.0069888029
0.0071307645
0.0071247558
0.0072420437
0.0075098854
0.0077595972
0.0080626305
0.0083407709
0.0084006242
0.0084368104
0.0086796331
0.0089263921
0.0090889989
0.0093874014
0.0097154341
0.0098803373
0.0100413933
0.0103324819
0.0107100502
0.0110202871
0.0112357517
0.0114922460
0.0116895942
0.0118439482
0.0122002412
0.0126208361
0.0128558008
0.0130782873
0.0134443899
0.0137556506
0.0139792735
0.0143000192
0.0146702739
0.0149667458
0.0151971697
0.0154242848
0.0157132259
0.0160302637
0.0162886772
0.0164721229
0.0166661284
0.0168732815
0.0170811798
0.0175172759
0.0181100716
0.0184220583
0.0185246260
0.0187931982
0.0191420977
0.0193376949
0.0194412239
0.0196840655
0.0201180850
0.0204018205
0.0204196302
0.0204728986
0.0205806733
0.0206614077
0.0209160121
0.0212559882
0.0212628834
0.0210983724
0.0212116640
0.0215254825
0.0218027324
0.0218903271
0.0217573825
0.0216160384
0.0216238962
0.0217294905
0.0217865816
0.0216867802
0.0214907098
0.0213814413
0.0214063947
0.0213870361
0.0212134547
0.0210336473
0.0209599962
0.0208244819
0.0205321241
0.0202844517
0.0202066995
0.0203024144
0.0205078572
0.0205331432
0.0202937153
0.0200163128
0.0197980699
0.0197505476
0.0198151558
0.0196475572
0.0193916448
0.0193487132
0.0191644093
0.0186131052
0.0182670458
0.0183474725
0.0181433196
0.0175612320
0.0173400682
0.0174139466
0.0172344928
0.0169225941
0.0166954253
0.0163573437
0.0158739231
0.0155663308
0.0155064698
0.0153259496
0.0149023747
0.0145777032
0.0144523681
0.0142641803
0.0140068654
0.0138515149
0.0136892338
0.0133607527
0.0129415044
0.0127066004
0.0128078739
0.0128658973
0.0126477917
0.0124400177
0.0121711449
0.0117014780
0.0113873443
0.0112701805
0.0110368506
0.0108189682
0.0108037405
0.0107055516
0.0103925047
0.0101488016
0.0101513444
0.0101956600
0.0099730687
0.0096699777
0.0095543387
0.0093752300
0.0091276593
0.0089770368
0.0086982956
0.0084508496
0.0085485089
0.0086614065
0.0085020254
0.0082054578
0.0079627890
0.0078130465
0.0076890250
0.0077057505
0.0078374253
0.0077761026
0.0075873717
0.0074847948
0.0074263449
0.0073500658
0.0071195600
0.0068026646
0.0067101613
0.0067433129
0.0065840234
0.0062857507
0.0060929616
0.0060589062
0.0061146460
0.0061285392
0.0058712217
0.0053902989
0.0051818495
0.0053579697
0.0053381076
0.0050569234
0.0051057260
0.0053281355
0.0050522667
0.0045161609
0.0043351047
0.0044323056
0.0044973939
0.0044196458
0.0042424745
0.0040589716
0.0039381993
0.0039178186
0.0038177565
0.0035924828
0.0035104828
0.0035765167
0.0035354237
0.0033023157
0.0030694824
0.0029411940
0.0028030191
0.0027171247
0.0027377744
0.0027283382
0.0026678968
0.0026131621
0.0025822747
0.0025136953
0.0023546990
0.0022896812
0.0023684323
0.0023405365
0.0022277327
0.0021774188
0.0021115434
0.0020893914
0.0022475485
0.0023917545
0.0023445256
0.0023311856
0.0024578416
0.0024119062
0.0021931503
0.0022639834
0.0025471086
0.0026119824
0.0025692521
0.0026509948
0.0028081257
0.0028245653
0.0026540392
0.0025822490
0.0026438830
0.0026971793
0.0027724904
0.0028154682
0.0027021436
0.0024222022
0.0022281744
0.0023077152
0.0022694917
0.0019049168
0.0017616290
0.0019671111
0.0019437098
0.0017047204
0.0016526339
0.0015597566
0.0013184203
0.0013847086
0.0016089041
0.0014925350
0.0012914039
0.0012087391
0.0009050606
0.0004591507
0.0001949710
0.0001034617
0.0001772976
0.0002222744
-0.0000733347
-0.0004549425
-0.0005762245
-0.0005829438
-0.0006880657
-0.0008892253
-0.0010901297
-0.0011773325
-0.0011566282
-0.0012773883
-0.0016850174
-0.0020588563
-0.0021107205
-0.0020777170
-0.0023146515
-0.0027258978
-0.0028507594
-0.0026694174
-0.0026939387
-0.0029842204
-0.0031894499
-0.0032826245
-0.0034102959
-0.0035540450
-0.0036810840
-0.0039165012
-0.0042131339
-0.0043100614
-0.0042841417
-0.0042955394
-0.0042367328
-0.0042772888
-0.0046419651
-0.0050325396
-0.0052531168
-0.0054305204
-0.0054999983
-0.0054689991
-0.0055557125
-0.0058216484
-0.0061286722
-0.0062905356
-0.0063162125
-0.0063098473
-0.0062642961
-0.0063159149
-0.0065970890
-0.0069373313
-0.0071259965
-0.0071180463
-0.0070450159
-0.0071166044
-0.0073238126
-0.0074819193
-0.0076191039
-0.0078501979
-0.0080522706
-0.0080856672
-0.0080740356
-0.0081351400
-0.0082673698
-0.0085786203
-0.0088624074
-0.0087906256
-0.0086857748
-0.0088998040
-0.0092174775
-0.0093309166
-0.0094126142
-0.0097040180
-0.0098527497
-0.0098101140
-0.0100064874
-0.0102512100
-0.0102323639
-0.0101609526
-0.0101981978
-0.0103617070
-0.0104987107
-0.0104163613
-0.0104503611
-0.0106954590
-0.0106906305
-0.0105510618
-0.0106542129
-0.0107857390
-0.0107792471
-0.0108783444
-0.0110918293
-0.0111765691
-0.0111668340
-0.0112949910
-0.0115019253
-0.0115211979
-0.0114011355
-0.0114366492
-0.0116411463
-0.0117806227
];
