avg_array = [
-0.0020198184
-0.0019479991
-0.0017983316
-0.0016381676
-0.0015389664
-0.0015014934
-0.0014436025
-0.0013563292
-0.0011622654
-0.0008474989
-0.0006724724
-0.0006979103
-0.0007240607
-0.0007612795
-0.0008264338
-0.0007634306
-0.0005101007
-0.0001155350
0.0000956348
-0.0001408667
-0.0002936019
-0.0000113427
0.0002351465
0.0003173420
0.0004087107
0.0004301333
0.0004687886
0.0005621166
0.0005206728
0.0004803067
0.0007058570
0.0010580942
0.0011093439
0.0008896024
0.0010160996
0.0013254361
0.0011980187
0.0010494824
0.0011931412
0.0012393449
0.0013053193
0.0015839342
0.0017038290
0.0015029309
0.0013268799
0.0014951211
0.0018608735
0.0020234885
0.0019840051
0.0020481946
0.0022035926
0.0022540848
0.0022123451
0.0021528030
0.0021609914
0.0022627743
0.0022344012
0.0020443535
0.0020119901
0.0022578935
0.0025994836
0.0027653241
0.0026401035
0.0025010873
0.0026085396
0.0027626488
0.0027766950
0.0028435895
0.0029508100
0.0029175015
0.0029270151
0.0030981112
0.0033404042
0.0035672918
0.0036229572
0.0035560199
0.0036376483
0.0039185731
0.0041594194
0.0042757423
0.0044609101
0.0046941655
0.0048375288
0.0049861677
0.0052301976
0.0055723376
0.0058593404
0.0060211338
0.0062293361
0.0064188361
0.0065882290
0.0069272182
0.0072925341
0.0075018314
0.0076861051
0.0079724797
0.0082930688
0.0086261351
0.0089610778
0.0092060834
0.0094694033
0.0098046848
0.0100515496
0.0102615473
0.0105540861
0.0109032806
0.0112707207
0.0116064780
0.0118312987
0.0120619750
0.0126007268
0.0132746364
0.0136242087
0.0137755979
0.0140834708
0.0144867285
0.0147685562
0.0149365727
0.0152229542
0.0157022008
0.0160918837
0.0162815335
0.0164660328
0.0166698241
0.0168807574
0.0172558263
0.0176732669
0.0178075975
0.0178466670
0.0181025271
0.0184548561
0.0187739419
0.0189743742
0.0189923497
0.0189605488
0.0190514175
0.0192949373
0.0195388858
0.0196146310
0.0195263707
0.0194605410
0.0195601553
0.0197062286
0.0197193438
0.0196574646
0.0196728036
0.0196577927
0.0194439439
0.0192428064
0.0192827577
0.0194837292
0.0197554636
0.0199015179
0.0197557591
0.0195651690
0.0195125465
0.0195733988
0.0197139379
0.0196973222
0.0195295111
0.0194621098
0.0192700355
0.0187825884
0.0185076873
0.0186476129
0.0185449066
0.0180156883
0.0177379723
0.0177707760
0.0175531238
0.0171190695
0.0167566239
0.0163319409
0.0157785681
0.0153950629
0.0152541307
0.0149527238
0.0143624695
0.0139001284
0.0136931236
0.0134365561
0.0131276236
0.0129414834
0.0126962458
0.0122353240
0.0117054083
0.0113323839
0.0112932542
0.0113540608
0.0111870055
0.0108704831
0.0104179138
0.0099145994
0.0096712715
0.0094951257
0.0090597456
0.0087108235
0.0086790894
0.0085237098
0.0081182942
0.0078397571
0.0078076693
0.0077954976
0.0075488216
0.0071902706
0.0069987807
0.0068721529
0.0067384211
0.0066275500
0.0063629767
0.0061177803
0.0062017094
0.0063323619
0.0062254700
0.0060169386
0.0058212988
0.0055919337
0.0053391309
0.0052589521
0.0053312682
0.0052096830
0.0048901679
0.0046486162
0.0045386097
0.0044417000
0.0042136403
0.0039325349
0.0037936591
0.0036997696
0.0034752071
0.0031742867
0.0029276219
0.0028263364
0.0028945032
0.0029560663
0.0027280268
0.0022625436
0.0020512476
0.0022207748
0.0022508082
0.0020177585
0.0020406089
0.0022904434
0.0020822205
0.0015482343
0.0014149295
0.0015854896
0.0016549553
0.0016420478
0.0016183715
0.0015391387
0.0014740142
0.0015046172
0.0013889110
0.0011493819
0.0011892084
0.0014304060
0.0015293228
0.0014326447
0.0013654470
0.0014619494
0.0015007286
0.0014537139
0.0015592383
0.0017601843
0.0018810041
0.0019846103
0.0021739581
0.0023488895
0.0024759982
0.0027335092
0.0030280802
0.0031349710
0.0032460848
0.0034865932
0.0036324321
0.0037488084
0.0040887971
0.0044411869
0.0045342750
0.0046082579
0.0048186866
0.0048919534
0.0048386978
0.0049597253
0.0051182973
0.0051550008
0.0052131236
0.0052971519
0.0054513471
0.0055229379
0.0052691376
0.0050208727
0.0049502499
0.0048663651
0.0048181261
0.0047986733
0.0046250942
0.0042628402
0.0039980972
0.0040071058
0.0038750608
0.0034472568
0.0032919059
0.0034723241
0.0034225590
0.0031754582
0.0030796671
0.0030005518
0.0028880647
0.0030147364
0.0032054348
0.0030925032
0.0029624605
0.0030005364
0.0028005513
0.0024248928
0.0022580758
0.0022448710
0.0023022542
0.0023114488
0.0020108563
0.0015512354
0.0012674332
0.0011336698
0.0009536088
0.0006462958
0.0002461870
-0.0001083026
-0.0003123875
-0.0006034023
-0.0012150065
-0.0018048173
-0.0020965368
-0.0024480004
-0.0030795274
-0.0037384832
-0.0041797650
-0.0043805945
-0.0045746065
-0.0049633301
-0.0053984776
-0.0056973469
-0.0059809222
-0.0063296558
-0.0066452044
-0.0070291610
-0.0074473101
-0.0076104901
-0.0075993866
-0.0075757551
-0.0074697799
-0.0074902872
-0.0078270295
-0.0081159330
-0.0081900217
-0.0082781240
-0.0082462055
-0.0079662739
-0.0077321911
-0.0077446850
-0.0077981200
-0.0076009154
-0.0072678498
-0.0069772234
-0.0066608968
-0.0064307967
-0.0063628384
-0.0062561265
-0.0060328766
-0.0057217550
-0.0053497375
-0.0050387580
-0.0047997109
-0.0045429708
-0.0043156770
-0.0041538047
-0.0039700034
-0.0036710978
-0.0033155079
-0.0030170122
-0.0028460604
-0.0029123922
-0.0029151353
-0.0024938073
-0.0020571300
-0.0019894595
-0.0020228851
-0.0018660002
-0.0017338485
-0.0018334634
-0.0017932944
-0.0015160059
-0.0013779546
-0.0013471264
-0.0012647820
-0.0012207634
-0.0012002119
-0.0011990015
-0.0011750620
-0.0010516484
-0.0011304811
-0.0013912976
-0.0013698233
-0.0011984737
-0.0012091971
-0.0012649556
-0.0012974997
-0.0014610655
-0.0017360027
-0.0019742004
-0.0021487402
-0.0023940226
-0.0026943368
-0.0028163507
-0.0028012200
-0.0029984997
-0.0034673078
-0.0038913826
-0.0041173088
-0.0042469327
-0.0043894294
-0.0046732629
-0.0051374974
-0.0056437628
-0.0060532868
-0.0063523529
-0.0067548173
-0.0073033792
-0.0076523520
-0.0078053020
-0.0080960082
-0.0086102373
-0.0092457837
-0.0097783183
-0.0100723698
-0.0102701695
-0.0105055702
-0.0107915385
-0.0111181662
-0.0114603179
-0.0117559618
-0.0119757229
-0.0121541161
-0.0122974319
-0.0124163787
-0.0125275016
-0.0126485184
-0.0127705345
-0.0128511141
-0.0129842895
-0.0131770669
-0.0132578002
-0.0132750520
-0.0133093124
];
