avg_array = [
-0.0420596515
-0.0419252026
-0.0418397963
-0.0417668898
-0.0415090899
-0.0411864805
-0.0409566903
-0.0407248038
-0.0404342672
-0.0401298745
-0.0397898828
-0.0393421600
-0.0387709950
-0.0382429660
-0.0377951996
-0.0372441433
-0.0366227230
-0.0360175241
-0.0354088717
-0.0347519019
-0.0340165918
-0.0333090560
-0.0325438804
-0.0316290261
-0.0307078509
-0.0297810365
-0.0288930960
-0.0279382447
-0.0266302832
-0.0252892833
-0.0242842672
-0.0233245633
-0.0221311958
-0.0207669436
-0.0193489151
-0.0179036695
-0.0164091651
-0.0149228953
-0.0134995465
-0.0119857832
-0.0102452041
-0.0085083435
-0.0069463069
-0.0053437065
-0.0036129448
-0.0018600047
-0.0000459732
0.0018326670
0.0037068765
0.0056742553
0.0077881887
0.0098191183
0.0116701452
0.0136132935
0.0156847112
0.0177261398
0.0199236858
0.0223130214
0.0246397054
0.0268706458
0.0290318275
0.0311420502
0.0333424815
0.0356422884
0.0379071095
0.0401958971
0.0426766022
0.0451506142
0.0473187439
0.0493957557
0.0516683978
0.0540279902
0.0563585936
0.0585760566
0.0606238956
0.0627293113
0.0649227684
0.0669729259
0.0689377975
0.0709247462
0.0729227092
0.0749172424
0.0769133260
0.0789233450
0.0807485772
0.0823741900
0.0841113294
0.0859660128
0.0876798168
0.0892077798
0.0907477847
0.0923439364
0.0938074274
0.0950781774
0.0963690396
0.0978366660
0.0992199738
0.1003326609
0.1013752778
0.1023696156
0.1033591232
0.1045616388
0.1057669547
0.1067730931
0.1076972760
0.1084615960
0.1090805211
0.1097232189
0.1103386509
0.1109370400
0.1115758661
0.1120198124
0.1121279638
0.1121906042
0.1124013458
0.1126100394
0.1126875724
0.1126323059
0.1125936420
0.1127785900
0.1129010813
0.1126031781
0.1122733086
0.1121022282
0.1117775932
0.1114546174
0.1113002873
0.1110112680
0.1104763991
0.1097993115
0.1089173017
0.1079977556
0.1073091350
0.1066041286
0.1057273870
0.1049453409
0.1042050568
0.1031917431
0.1019441120
0.1006848094
0.0994202632
0.0981296353
0.0968843438
0.0956935492
0.0944788562
0.0932185485
0.0919829477
0.0906220197
0.0891135339
0.0877596339
0.0863677198
0.0846087470
0.0828121396
0.0813286936
0.0799326723
0.0783132249
0.0766450922
0.0751078766
0.0735022150
0.0718501926
0.0703202069
0.0687612269
0.0670447306
0.0652847292
0.0636011996
0.0618793815
0.0599848186
0.0581230666
0.0563226341
0.0544082411
0.0526473867
0.0510849340
0.0493850961
0.0476695772
0.0460245487
0.0442463030
0.0424444847
0.0407903400
0.0392492525
0.0377561629
0.0361355711
0.0343473207
0.0327627803
0.0314298767
0.0299440787
0.0284012913
0.0269938116
0.0255023032
0.0240328811
0.0227609197
0.0215102032
0.0202518847
0.0190191759
0.0177816100
0.0166624704
0.0156217502
0.0144839830
0.0133776099
0.0124171047
0.0114212189
0.0103055317
0.0093242880
0.0086777400
0.0080176229
0.0070006146
0.0060136775
0.0054232354
0.0048664275
0.0040546571
0.0032851279
0.0026381389
0.0019406775
0.0014066049
0.0011815165
0.0010952915
0.0008926912
0.0004708988
0.0001522668
-0.0000175711
-0.0003320365
-0.0006395253
-0.0007765343
-0.0009474515
-0.0011617472
-0.0012257215
-0.0012509172
-0.0014298593
-0.0016850239
-0.0019120680
-0.0020541816
-0.0020412095
-0.0019760608
-0.0020462665
-0.0022049219
-0.0022489149
-0.0021658652
-0.0021378792
-0.0021925284
-0.0021674833
-0.0020347858
-0.0020057133
-0.0021644756
-0.0022425826
-0.0020186782
-0.0017242686
-0.0017180308
-0.0018202012
-0.0017598272
-0.0017707442
-0.0018795771
-0.0018100504
-0.0016715030
-0.0016627306
-0.0016796626
-0.0017112654
-0.0017894771
-0.0016583046
-0.0013203750
-0.0012338324
-0.0015445729
-0.0018973478
-0.0020201904
-0.0019960435
-0.0020847893
-0.0023295320
-0.0024215870
-0.0022690896
-0.0021747245
-0.0022805496
-0.0024763766
-0.0027119481
-0.0029576700
-0.0031323080
-0.0031650987
-0.0031347509
-0.0033287629
-0.0036427173
-0.0037057796
-0.0036976233
-0.0038533205
-0.0040937087
-0.0043690575
-0.0045193707
-0.0045473193
-0.0048316442
-0.0052916572
-0.0054604352
-0.0054822288
-0.0056791869
-0.0058901185
-0.0060703974
-0.0063430547
-0.0064626222
-0.0064511265
-0.0067815406
-0.0073649015
-0.0076918873
-0.0076877264
-0.0077207898
-0.0079721911
-0.0082774260
-0.0085938379
-0.0088782820
-0.0090116367
-0.0092004591
-0.0095550201
-0.0097109992
-0.0097009568
-0.0100271839
-0.0104762477
-0.0105678683
-0.0105327917
-0.0106616556
-0.0109733036
-0.0113806115
-0.0115837170
-0.0115673055
-0.0116933750
-0.0119468175
-0.0121126670
-0.0123172798
-0.0126605229
-0.0129071771
-0.0129213329
-0.0130222332
-0.0133395705
-0.0135513845
-0.0136449901
-0.0138152055
-0.0140387561
-0.0142832622
-0.0144887818
-0.0146549622
-0.0148593197
-0.0149478051
-0.0149614843
-0.0151740223
-0.0153989019
-0.0154885665
-0.0156819512
-0.0158505208
-0.0158017010
-0.0157885458
-0.0158736579
-0.0159311379
-0.0160209775
-0.0161778454
-0.0163419229
-0.0164742437
-0.0166294795
-0.0167191250
-0.0166756538
-0.0166999033
-0.0168430288
-0.0170833789
-0.0173434440
-0.0174550623
-0.0175423832
-0.0176664400
-0.0176558202
-0.0176178461
-0.0177892060
-0.0180049027
-0.0179912036
-0.0179854294
-0.0182439569
-0.0184442858
-0.0183911686
-0.0184359644
-0.0187845958
-0.0191956443
-0.0193952121
-0.0194173841
-0.0194773676
-0.0195936046
-0.0197006477
-0.0198709951
-0.0200786323
-0.0202596745
-0.0204939798
-0.0207571225
-0.0209574818
-0.0211563143
-0.0212708964
-0.0211876481
-0.0212166236
-0.0215562800
-0.0218434168
-0.0218391315
-0.0217911852
-0.0217765666
-0.0217612650
-0.0220377263
-0.0224888413
-0.0226628143
-0.0226964075
-0.0229103829
-0.0231871049
-0.0233272804
-0.0235239347
-0.0239475211
-0.0243273764
-0.0245941308
-0.0249670231
-0.0253536856
-0.0255838747
-0.0258017366
-0.0261918818
-0.0265341373
-0.0266263681
-0.0267595367
-0.0270067077
-0.0271748728
-0.0274251360
-0.0278348515
-0.0282049985
-0.0284335219
-0.0285253550
-0.0286102376
-0.0287620604
-0.0289299818
-0.0291223925
-0.0292491746
-0.0293122021
];
