avg_array = [
-0.0044748020
-0.0043867334
-0.0044247368
-0.0042990597
-0.0041452963
-0.0041175856
-0.0041418094
-0.0041025925
-0.0039489517
-0.0037454557
-0.0036306513
-0.0037012886
-0.0037488079
-0.0035965120
-0.0034811704
-0.0034223766
-0.0031892111
-0.0028886273
-0.0027153805
-0.0026724336
-0.0026212666
-0.0024395597
-0.0021847867
-0.0019256910
-0.0017185643
-0.0015678848
-0.0014123255
-0.0012697427
-0.0010515175
-0.0007103565
-0.0004519897
-0.0003038484
-0.0001400598
-0.0000349057
0.0000220079
0.0001845230
0.0004930528
0.0009503115
0.0012771800
0.0011624219
0.0010979599
0.0015134198
0.0019577648
0.0021686074
0.0023346410
0.0024561503
0.0025217320
0.0026035438
0.0026457903
0.0026876804
0.0028985100
0.0032182622
0.0033013601
0.0031655894
0.0033396138
0.0036696297
0.0035777765
0.0033898032
0.0034641812
0.0035308894
0.0036349458
0.0038943421
0.0039668616
0.0037679627
0.0036358071
0.0037761461
0.0040915549
0.0042838475
0.0042999451
0.0044378395
0.0047089385
0.0048141127
0.0047894587
0.0048629950
0.0049856220
0.0050645418
0.0050750346
0.0049681787
0.0049383900
0.0052355784
0.0056632586
0.0058380553
0.0057483904
0.0057343584
0.0059602750
0.0061746877
0.0062311211
0.0063435431
0.0064972767
0.0065484977
0.0066675508
0.0068874178
0.0071420786
0.0074504795
0.0076035490
0.0075515093
0.0076341975
0.0079452079
0.0081808860
0.0083032074
0.0085332865
0.0087437094
0.0088397885
0.0090285950
0.0093121851
0.0095939467
0.0098227103
0.0099974354
0.0102002043
0.0103838566
0.0105737958
0.0108539353
0.0111177817
0.0112829792
0.0114228688
0.0116554237
0.0119462354
0.0121994635
0.0124580515
0.0127207433
0.0129487187
0.0131361767
0.0132808567
0.0134747233
0.0137327114
0.0139621661
0.0141458713
0.0143205654
0.0144867088
0.0146695254
0.0150103954
0.0154441338
0.0156667732
0.0157301379
0.0159339621
0.0161976002
0.0162874583
0.0162991128
0.0164757054
0.0168214636
0.0170613598
0.0170951909
0.0170984649
0.0171115105
0.0171444037
0.0173506763
0.0175971765
0.0175408730
0.0173832320
0.0174988267
0.0177748002
0.0180062043
0.0180633495
0.0179035747
0.0177005354
0.0176564595
0.0177966541
0.0179349715
0.0178848656
0.0176808814
0.0175349888
0.0175346501
0.0175210770
0.0174036501
0.0172934678
0.0172574744
0.0171563940
0.0168755545
0.0166049586
0.0165499078
0.0166776093
0.0168878826
0.0169640128
0.0167647103
0.0165284941
0.0164606753
0.0165400541
0.0166403323
0.0165498641
0.0163707851
0.0163208100
0.0161459589
0.0156705241
0.0153761474
0.0155039586
0.0154236579
0.0149525905
0.0147717699
0.0148758474
0.0146759380
0.0142874102
0.0140496829
0.0137753777
0.0133210736
0.0129843828
0.0129232260
0.0127737422
0.0123252995
0.0119589796
0.0118555245
0.0117138523
0.0115143327
0.0114431194
0.0112944395
0.0109027370
0.0105269931
0.0104130985
0.0105289242
0.0105996444
0.0105021805
0.0103723168
0.0101126463
0.0097127696
0.0094907198
0.0094028883
0.0092037582
0.0090881799
0.0091543420
0.0090350171
0.0087026870
0.0085208942
0.0085960579
0.0087062815
0.0085728851
0.0083603097
0.0083347522
0.0082761261
0.0081365227
0.0080713946
0.0079307112
0.0078220190
0.0080066760
0.0081986641
0.0081393007
0.0080240177
0.0079500793
0.0077933917
0.0075877205
0.0075745157
0.0077180480
0.0076705338
0.0074427173
0.0072759686
0.0071605119
0.0070226257
0.0068173145
0.0065986413
0.0065026350
0.0064611222
0.0063051098
0.0060264778
0.0057789367
0.0056949499
0.0057361768
0.0057634018
0.0055983196
0.0052194844
0.0050090079
0.0051379397
0.0051860912
0.0050552355
0.0051660211
0.0054013376
0.0051737343
0.0047029688
0.0046184243
0.0047726712
0.0048349283
0.0048473240
0.0048319414
0.0047435124
0.0046884724
0.0047433382
0.0046932135
0.0045498265
0.0046015911
0.0047688440
0.0048395290
0.0047965450
0.0047558075
0.0048052888
0.0048276596
0.0048297781
0.0049596266
0.0051460076
0.0052931703
0.0054553565
0.0056337671
0.0057324302
0.0057907347
0.0059967159
0.0062861607
0.0064367268
0.0065404595
0.0067042958
0.0068107747
0.0069026472
0.0071020174
0.0072918739
0.0073745298
0.0074897436
0.0076562991
0.0076481445
0.0075464753
0.0076824855
0.0078627249
0.0078426275
0.0078449223
0.0079004638
0.0079225623
0.0078790818
0.0077098089
0.0075691555
0.0074737868
0.0073246232
0.0072360423
0.0071539409
0.0068684878
0.0064511933
0.0062202015
0.0062156907
0.0060314082
0.0055971357
0.0054030461
0.0054897279
0.0053890224
0.0051527867
0.0050619950
0.0048710146
0.0045682230
0.0046208506
0.0048402519
0.0047289167
0.0045308308
0.0044370044
0.0041116200
0.0036463352
0.0034294727
0.0033858106
0.0033481054
0.0032439966
0.0029022720
0.0024310893
0.0021136806
0.0019130799
0.0016307749
0.0012328046
0.0008091950
0.0004414831
0.0001587147
-0.0001984418
-0.0008174803
-0.0014710685
-0.0018383548
-0.0021186099
-0.0026756551
-0.0033909592
-0.0038351570
-0.0039737537
-0.0042555499
-0.0048107632
-0.0052535229
-0.0054808560
-0.0057972244
-0.0062130048
-0.0065398164
-0.0069078977
-0.0073312008
-0.0075385729
-0.0075747230
-0.0075814116
-0.0075173103
-0.0075822005
-0.0079190714
-0.0082125392
-0.0083204063
-0.0083882322
];
