avg_array = [
-0.0405994032
-0.0404325120
-0.0402283361
-0.0402104670
-0.0402324078
-0.0401110004
-0.0399233447
-0.0398346712
-0.0397995211
-0.0395744899
-0.0390939814
-0.0386277834
-0.0383318903
-0.0380791320
-0.0376332104
-0.0368997713
-0.0361879724
-0.0356649448
-0.0350170956
-0.0341005904
-0.0330801883
-0.0320098710
-0.0308913401
-0.0298732738
-0.0288931578
-0.0276540310
-0.0261881363
-0.0246773234
-0.0231032241
-0.0214350708
-0.0197015803
-0.0178728427
-0.0158301486
-0.0136304450
-0.0114019110
-0.0090722890
-0.0067011905
-0.0043271083
-0.0018250520
0.0007347436
0.0033606048
0.0060563928
0.0086797354
0.0114336629
0.0143901298
0.0172096835
0.0199755098
0.0230217343
0.0261853015
0.0291103346
0.0319090175
0.0349606204
0.0382642804
0.0415951551
0.0448320666
0.0478997930
0.0509548962
0.0541998151
0.0575662278
0.0609377903
0.0641846219
0.0673164649
0.0705904663
0.0739606531
0.0771875123
0.0803625070
0.0834835112
0.0863699915
0.0891780907
0.0920511511
0.0947714067
0.0972200141
0.0995984926
0.1020425308
0.1044327292
0.1066365574
0.1086991209
0.1107865352
0.1129085403
0.1148821716
0.1166099403
0.1182666769
0.1199887946
0.1214987986
0.1227027965
0.1240049852
0.1254791591
0.1267560336
0.1278111410
0.1287568032
0.1294096062
0.1299045080
0.1305407789
0.1311159260
0.1314038500
0.1315189324
0.1315497072
0.1314965762
0.1313695230
0.1310368895
0.1304830571
0.1299490530
0.1293860996
0.1286463860
0.1279026229
0.1271525131
0.1261452241
0.1249387175
0.1238169544
0.1227002178
0.1213183690
0.1197838871
0.1182820773
0.1166905746
0.1149033899
0.1129914040
0.1110487806
0.1091816394
0.1073482667
0.1053115154
0.1030643639
0.1008120917
0.0986160754
0.0964323273
0.0941872132
0.0919015095
0.0896926141
0.0875225703
0.0852972808
0.0830169189
0.0806248222
0.0781009400
0.0756338310
0.0733256470
0.0709832208
0.0684343141
0.0657949515
0.0632808177
0.0609213264
0.0586293781
0.0562798911
0.0537271819
0.0511434248
0.0488442373
0.0466810611
0.0443521234
0.0420407712
0.0400768669
0.0381830647
0.0359307786
0.0335447121
0.0313435054
0.0293217508
0.0273814543
0.0253715538
0.0233481285
0.0214462258
0.0195696090
0.0177526642
0.0161067118
0.0144522339
0.0128151249
0.0114952948
0.0102248745
0.0085239177
0.0067649284
0.0055070203
0.0044659651
0.0032443850
0.0019285168
0.0006599885
-0.0005630114
-0.0017945988
-0.0029180721
-0.0038506283
-0.0048078687
-0.0058560073
-0.0068916538
-0.0078284523
-0.0084718519
-0.0089626257
-0.0096646514
-0.0104419778
-0.0110354803
-0.0115402331
-0.0120918174
-0.0126384000
-0.0130473457
-0.0133920391
-0.0138899638
-0.0144312515
-0.0147906017
-0.0151778888
-0.0157683118
-0.0161863922
-0.0163138566
-0.0166128051
-0.0170835070
-0.0172954641
-0.0173054197
-0.0173301158
-0.0173075699
-0.0173366860
-0.0174996167
-0.0175408454
];
std_array = [
0.0544697601
0.0546972711
0.0549946443
0.0551288836
0.0551970717
0.0554895299
0.0558609851
0.0560751193
0.0562542040
0.0565532870
0.0569882415
0.0574067952
0.0577133377
0.0580108271
0.0583513065
0.0586906956
0.0590104154
0.0594100924
0.0600155096
0.0606453643
0.0611462388
0.0617815718
0.0626661696
0.0635394511
0.0641581807
0.0647806342
0.0658143073
0.0669982877
0.0680573226
0.0692229188
0.0704138001
0.0714552521
0.0726217563
0.0738626293
0.0750240426
0.0763095731
0.0776110314
0.0787592108
0.0800418146
0.0814963013
0.0828308220
0.0840606225
0.0853960343
0.0867924928
0.0880704602
0.0893167805
0.0906558856
0.0918904178
0.0930686374
0.0942100789
0.0951374322
0.0960985591
0.0972212544
0.0981767366
0.0989829088
0.0997270677
0.1003035702
0.1007448941
0.1011388040
0.1014573066
0.1017297067
0.1019604574
0.1021801835
0.1024270538
0.1024618815
0.1021810528
0.1018144215
0.1016255745
0.1015207466
0.1011688973
0.1005340481
0.1000592645
0.0997952439
0.0992781412
0.0985920250
0.0981747977
0.0978194773
0.0972705312
0.0966542145
0.0959473012
0.0950197370
0.0940707903
0.0934558350
0.0930565883
0.0923974279
0.0915050485
0.0907468923
0.0900189184
0.0891924905
0.0885531813
0.0881575164
0.0878582161
0.0875964794
0.0871265033
0.0865639628
0.0862275472
0.0860244379
0.0858324211
0.0858738763
0.0860032489
0.0858506072
0.0854855008
0.0852406739
0.0853038383
0.0854128107
0.0853763940
0.0854948358
0.0858054297
0.0859679945
0.0860505369
0.0862262320
0.0863707447
0.0865882953
0.0871019967
0.0876774768
0.0880188445
0.0882194977
0.0884035519
0.0886317572
0.0887952352
0.0888054589
0.0887258419
0.0888130130
0.0891285403
0.0893429108
0.0892824888
0.0892427160
0.0893368659
0.0894208479
0.0894865035
0.0895875922
0.0897467291
0.0898592320
0.0897768113
0.0895174104
0.0891819091
0.0888935155
0.0888137834
0.0887734017
0.0884704262
0.0880673962
0.0877790132
0.0874840343
0.0871327351
0.0867725854
0.0863587911
0.0858919741
0.0853930709
0.0847445603
0.0841437249
0.0838199072
0.0833882223
0.0827041321
0.0821088259
0.0815429310
0.0808658248
0.0802057917
0.0796420397
0.0790885854
0.0784783362
0.0777713402
0.0771788465
0.0766986175
0.0761315597
0.0755522562
0.0749916886
0.0743809628
0.0739140327
0.0736623109
0.0732577602
0.0727358356
0.0724310740
0.0720935409
0.0715076732
0.0709552336
0.0705128820
0.0700565495
0.0696441608
0.0692431515
0.0687481167
0.0682319706
0.0678145208
0.0674366497
0.0669645583
0.0666438588
0.0665940589
0.0665766516
0.0664667399
0.0663972832
0.0665978504
0.0669559892
0.0670610707
0.0671740522
0.0677679863
0.0684868515
0.0689592024
0.0695516005
0.0704202381
0.0712157964
0.0718381174
0.0724794102
0.0732693115
0.0740292771
0.0746403501
0.0752105540
];
indexLeft = ...
0.15058
idxRight = ...
0.17078
maxSTD = ...
0.1024618815
minSTD = ...
0.0544697601
traces = ...
205
amplL = 0.17215;
amplR = 0.14909;
ampLSTD = 0.18202;
ampRSTD = 0.19133;
