avg_array = [
-0.0075498673
-0.0073839106
-0.0072801393
-0.0074075273
-0.0073653088
-0.0071627481
-0.0071806225
-0.0071624877
-0.0068463912
-0.0066095050
-0.0065483713
-0.0064448821
-0.0063998598
-0.0063576105
-0.0060043338
-0.0055726415
-0.0054971873
-0.0054582371
-0.0052252260
-0.0050728260
-0.0048616812
-0.0045763586
-0.0044687946
-0.0043086591
-0.0040035812
-0.0037737701
-0.0035340760
-0.0031551483
-0.0027858320
-0.0025525986
-0.0022555766
-0.0017925344
-0.0013900688
-0.0010258200
-0.0006207336
-0.0002607641
0.0002238365
0.0008708987
0.0014387270
0.0018477883
0.0021796964
0.0026414680
0.0032462582
0.0037876037
0.0042833009
0.0048007527
0.0053291572
0.0058878228
0.0065216446
0.0072918844
0.0081051090
0.0088012531
0.0094254323
0.0100895674
0.0107897341
0.0115311957
0.0123724721
0.0131953008
0.0138157339
0.0144246851
0.0151763683
0.0158171680
0.0163626025
0.0170162889
0.0176667891
0.0182852817
0.0189473855
0.0196149375
0.0202492140
0.0207701842
0.0212131737
0.0217127191
0.0222867178
0.0229136957
0.0235590099
0.0241157740
0.0244960320
0.0248647916
0.0253756381
0.0258693894
0.0263594541
0.0270060423
0.0276468427
0.0281627971
0.0286584188
0.0290960337
0.0295667732
0.0302102875
0.0306598154
0.0308298048
0.0312136615
0.0318122105
0.0323401412
0.0328333163
0.0332656539
0.0336463184
0.0341101052
0.0345191533
0.0348606193
0.0353489082
0.0359280545
0.0364833483
0.0369051797
0.0371916308
0.0376551805
0.0383390001
0.0389553058
0.0394876187
0.0400894095
0.0406778621
0.0411940294
0.0417878586
0.0424242837
0.0429506138
0.0434772940
0.0441384345
0.0446843551
0.0449676283
0.0453279379
0.0459198404
0.0465625450
0.0471020543
0.0475494902
0.0480641933
0.0485014689
0.0487860400
0.0492697494
0.0498120653
0.0500140659
0.0500920750
0.0503951785
0.0509121265
0.0514376406
0.0517434244
0.0517880322
0.0518335672
0.0520812204
0.0523896679
0.0526174906
0.0527629814
0.0527511752
0.0526117865
0.0525108136
0.0525001041
0.0525032211
0.0524094723
0.0521960129
0.0518602846
0.0514312869
0.0511404916
0.0511338783
0.0510952204
0.0507739119
0.0503892658
0.0499833673
0.0495362224
0.0491763789
0.0488150538
0.0485689405
0.0484537032
0.0480453341
0.0474003868
0.0469054312
0.0464777930
0.0458563245
0.0451717147
0.0446700585
0.0441405438
0.0434955035
0.0430653393
0.0426057474
0.0417361143
0.0408676792
0.0402620727
0.0397178894
0.0391190349
0.0382699228
0.0373061051
0.0366325289
0.0361278578
0.0356608266
0.0353235856
0.0349383808
0.0343493447
0.0336149104
0.0329054790
0.0322934937
0.0315984094
0.0309194173
0.0304849030
0.0300791514
0.0295752306
0.0290182138
0.0282859095
0.0275873030
0.0271450583
0.0266133765
0.0258764576
0.0252985155
0.0249977240
0.0247419702
0.0243322557
0.0238054411
0.0234046559
0.0232767342
0.0231433885
0.0226984751
0.0221606890
0.0218231982
0.0214947723
0.0210282223
0.0205745451
0.0200324593
0.0194312826
0.0191575952
0.0190745779
0.0186846949
0.0180800642
0.0176906315
0.0175797700
0.0175734484
0.0174296639
0.0170585587
0.0166537142
0.0161907738
0.0156907606
0.0153937178
0.0151281188
0.0147019241
0.0142791383
0.0139294149
0.0135934748
0.0132257236
0.0128189624
0.0124718838
0.0122511915
0.0118982748
0.0112223917
0.0106073478
0.0102147593
0.0096895818
0.0090437845
0.0085563185
0.0082243473
0.0077734350
0.0071002513
0.0066593456
0.0064605093
0.0059545267
0.0053945921
0.0051029721
0.0047791501
0.0042938931
0.0036703461
0.0030988319
0.0028022356
0.0025704354
0.0022126257
0.0018130755
0.0014313541
0.0010278290
0.0004608638
-0.0002157095
-0.0007696875
-0.0012676328
-0.0017173475
-0.0019964370
-0.0023266870
-0.0027545435
-0.0031462088
-0.0036202039
-0.0041509384
-0.0046797720
-0.0051932493
-0.0054747466
-0.0055385100
-0.0056951716
-0.0060941231
-0.0066075404
-0.0069951297
-0.0072656470
-0.0076317907
-0.0080268217
-0.0082610884
-0.0084456836
-0.0086740364
-0.0088075907
-0.0089619265
-0.0093404172
-0.0097045122
-0.0099006060
-0.0100324827
-0.0100435881
-0.0101027867
-0.0102926643
-0.0102112133
-0.0100112419
-0.0102064350
-0.0104626527
-0.0103043488
-0.0100988331
-0.0102243300
-0.0104526424
-0.0105048994
-0.0104165804
-0.0104153061
-0.0104704248
-0.0104585087
-0.0105910267
-0.0107856915
-0.0107466403
-0.0106121796
-0.0106181226
-0.0108122320
-0.0109470525
-0.0108213646
-0.0106435060
-0.0105841973
-0.0105574562
-0.0103569538
-0.0101135941
-0.0100875278
-0.0100093061
-0.0097684011
-0.0096152970
-0.0095538396
-0.0094335092
-0.0092236813
-0.0091291727
-0.0091703576
-0.0090336570
-0.0086680824
-0.0083827788
-0.0084251000
-0.0085855300
-0.0084661909
-0.0081269652
-0.0079435207
-0.0080311318
-0.0080520249
-0.0077910255
-0.0075431036
-0.0075224906
-0.0075930992
-0.0076031933
-0.0074697289
-0.0072887446
-0.0073337932
-0.0074829102
-0.0074292646
-0.0073521658
-0.0074103457
-0.0074421575
-0.0074971434
-0.0076767763
-0.0077260009
-0.0076141916
-0.0076919832
-0.0079107326
-0.0081052220
-0.0084272579
-0.0088422410
-0.0092081251
-0.0095363497
-0.0098418844
-0.0102333375
-0.0107260773
-0.0110796483
-0.0113053179
-0.0115899973
-0.0118994433
-0.0122670235
-0.0126815679
-0.0129565456
-0.0132767995
-0.0138718394
-0.0144444242
-0.0148120466
-0.0150874164
-0.0153406521
-0.0157413477
-0.0162198226
-0.0164851148
-0.0167367812
-0.0173016214
-0.0179294040
-0.0183041702
-0.0185240163
-0.0187609004
-0.0190879522
-0.0194888684
-0.0198621207
-0.0201391369
-0.0203151049
-0.0204836068
-0.0207349313
-0.0210338639
-0.0214247315
-0.0218659501
-0.0221308978
-0.0223082166
-0.0225931354
-0.0228292017
-0.0229708857
-0.0232445190
-0.0236718870
-0.0240639535
-0.0242143744
-0.0242616020
-0.0246266408
-0.0251443858
-0.0254414969
-0.0256787725
-0.0259922362
-0.0263350334
-0.0266253928
-0.0267662073
-0.0269447242
-0.0271504504
-0.0271841673
-0.0273146325
-0.0276051422
-0.0277927311
-0.0279484564
-0.0280626338
-0.0280640453
-0.0281903212
-0.0283497520
-0.0282940311
-0.0283171267
-0.0284313890
];
