avg_array = [
-0.0065919890
-0.0064288843
-0.0062277611
-0.0060430658
-0.0057637522
-0.0056118840
-0.0055732593
-0.0053360527
-0.0051003651
-0.0049860633
-0.0047685305
-0.0046060438
-0.0046830745
-0.0046823605
-0.0043388635
-0.0039995860
-0.0039135543
-0.0037257748
-0.0033929998
-0.0032312142
-0.0030790986
-0.0026992044
-0.0023177972
-0.0020666718
-0.0018168322
-0.0016079045
-0.0014138588
-0.0009634286
-0.0003907128
-0.0001379254
0.0000078127
0.0003881243
0.0008024049
0.0011578293
0.0014618444
0.0017021518
0.0019902009
0.0022503586
0.0024730635
0.0028578042
0.0033514598
0.0037129542
0.0039264609
0.0042498239
0.0047502038
0.0052628060
0.0057779007
0.0062383155
0.0065874702
0.0070189803
0.0075968987
0.0081568593
0.0085822972
0.0089442984
0.0094171675
0.0099181922
0.0103456313
0.0108117591
0.0112252937
0.0115410809
0.0119321704
0.0124306571
0.0130435462
0.0137069543
0.0142146179
0.0146036245
0.0150783489
0.0156283503
0.0161658101
0.0167792912
0.0174332996
0.0178945731
0.0183297738
0.0189610243
0.0195176913
0.0199925637
0.0205880755
0.0210852532
0.0214837562
0.0220684677
0.0227703778
0.0233585305
0.0237507709
0.0240698244
0.0244889795
0.0250440561
0.0256689930
0.0262803031
0.0268253041
0.0272239802
0.0275839970
0.0281152840
0.0286765956
0.0291530092
0.0297137230
0.0303193924
0.0307873920
0.0311753668
0.0315877426
0.0321147185
0.0327327948
0.0330886360
0.0332228301
0.0335881074
0.0341067782
0.0345394134
0.0349848909
0.0354091014
0.0357097555
0.0359930854
0.0362457398
0.0364598122
0.0367754039
0.0371467025
0.0374727523
0.0376936740
0.0378614005
0.0381537043
0.0384993128
0.0387708806
0.0390552886
0.0393690095
0.0396043581
0.0398199226
0.0401470816
0.0404955466
0.0407515324
0.0410352871
0.0414312036
0.0416664350
0.0416234082
0.0416788977
0.0420092421
0.0424069757
0.0426433091
0.0427196597
0.0428905447
0.0430431491
0.0430148650
0.0431946558
0.0435540897
0.0436159423
0.0434682168
0.0434779795
0.0437206483
0.0440358310
0.0441788813
0.0440531749
0.0438806750
0.0438982734
0.0440587213
0.0442223450
0.0442945527
0.0442337006
0.0441327054
0.0440520914
0.0439712245
0.0439238024
0.0438765594
0.0437302156
0.0434314752
0.0430418175
0.0427742093
0.0427487525
0.0427124170
0.0424237545
0.0420348340
0.0416315403
0.0412731049
0.0410429986
0.0407786322
0.0405846780
0.0404895935
0.0400579141
0.0393555482
0.0389255614
0.0387448132
0.0382976882
0.0375988860
0.0370746326
0.0365884716
0.0360152892
0.0357174065
0.0354375544
0.0347327406
0.0340159930
0.0335848004
0.0332182077
0.0327112570
0.0319398912
0.0311816725
0.0307349314
0.0303704975
0.0300172957
0.0298226187
0.0295819281
0.0290708349
0.0283721003
0.0277365371
0.0273058458
0.0268617659
0.0262572963
0.0257298300
0.0253436394
0.0249383506
0.0244781011
0.0238734287
0.0232427944
0.0228217791
0.0223561901
0.0217267806
0.0211986245
0.0208227634
0.0205122724
0.0201749437
0.0197545274
0.0193963566
0.0192785595
0.0192199588
0.0188584666
0.0183386788
0.0180297895
0.0177569826
0.0173132842
0.0168381803
0.0162976907
0.0157444911
0.0154628392
0.0153499286
0.0150157841
0.0144905835
0.0141832786
0.0141430335
0.0140934381
0.0138947361
0.0135730199
0.0131949726
0.0127363138
0.0123176911
0.0120813559
0.0118360782
0.0114715020
0.0110823801
0.0107505576
0.0105244629
0.0103110118
0.0100655925
0.0098989982
0.0098063385
0.0095567215
0.0090278649
0.0085203437
0.0082026420
0.0078432887
0.0073970606
0.0069972052
0.0066525574
0.0061895420
0.0055842265
0.0052898451
0.0051786670
0.0046448157
0.0040927878
0.0038915929
0.0036201570
0.0031286688
0.0025076171
0.0019689846
0.0016894019
0.0013779049
0.0008419089
0.0002905470
-0.0001200941
-0.0004778366
-0.0010044208
-0.0016787425
-0.0022856204
-0.0028501568
-0.0032949595
-0.0034914039
-0.0037144072
-0.0040593179
-0.0044316766
-0.0049350866
-0.0054816367
-0.0059427655
-0.0063813240
-0.0067189504
-0.0068595492
-0.0070010585
-0.0073663144
-0.0078925096
-0.0083461020
-0.0086541740
-0.0089929117
-0.0093655711
-0.0096244932
-0.0099090259
-0.0102383324
-0.0103758824
-0.0105418540
-0.0110315199
-0.0115400638
-0.0118372413
-0.0120280523
-0.0121263883
-0.0122896567
-0.0125341222
-0.0124736269
-0.0122796268
-0.0124748138
-0.0127870861
-0.0127448239
-0.0125958443
-0.0126834747
-0.0128816960
-0.0129744538
-0.0129516136
-0.0129322879
-0.0128926602
-0.0128031447
-0.0128735244
-0.0130274732
-0.0129937987
-0.0128492421
-0.0127994754
-0.0129293304
-0.0130120206
-0.0128546071
-0.0126661309
-0.0126040534
-0.0125769980
-0.0123651625
-0.0120659040
-0.0119713085
-0.0118871527
-0.0117005909
-0.0116078506
-0.0115708509
-0.0114095136
-0.0111138048
-0.0109785319
-0.0110268643
-0.0108857891
-0.0105392999
-0.0102663492
-0.0102982606
-0.0105468786
-0.0105372598
-0.0101797970
-0.0099517609
-0.0100683772
-0.0101443566
-0.0098778525
-0.0095709220
-0.0095723907
-0.0096957545
-0.0096321044
-0.0094609602
-0.0093816360
-0.0094505836
-0.0095390497
-0.0094823147
-0.0094142475
-0.0094313027
-0.0094028105
-0.0094220462
-0.0095730664
-0.0095744603
-0.0094149328
-0.0094626527
-0.0096288761
-0.0096827080
-0.0098692266
-0.0102537798
-0.0105499023
-0.0107074659
-0.0108599110
-0.0111137823
-0.0114478976
-0.0116665385
-0.0117864162
-0.0119433669
-0.0120680025
-0.0122086334
-0.0123993529
-0.0125079507
-0.0127179126
-0.0132007015
-0.0136769613
-0.0139449622
-0.0140624343
-0.0141973062
-0.0144900324
-0.0147565741
-0.0148673587
-0.0151081680
-0.0156541692
-0.0161970451
-0.0164517425
-0.0165812675
-0.0167920293
-0.0170941252
-0.0174557228
-0.0177930258
-0.0179882106
-0.0179968470
-0.0180420790
-0.0183218311
-0.0186298654
-0.0189262553
-0.0192996038
-0.0195270063
-0.0196190606
-0.0197682528
-0.0198738343
-0.0199442097
-0.0201489076
-0.0204110695
-0.0206209567
-0.0206850962
-0.0206292192
-0.0208132674
-0.0211966744
-0.0214297336
-0.0216151870
-0.0218210078
-0.0219672137
-0.0220807033
-0.0220934057
-0.0221159687
-0.0221909869
-0.0221618258
-0.0222327678
-0.0224544816
-0.0226005598
-0.0227368635
-0.0228195018
-0.0227898465
-0.0229441473
-0.0231834274
-0.0231700193
-0.0231702955
-0.0232750611
-0.0232411715
-0.0232958065
-0.0233644303
];
