avg_array = [
-0.0081088122
-0.0080832053
-0.0079973532
-0.0078829105
-0.0076642825
-0.0075450573
-0.0075584382
-0.0073963415
-0.0072076347
-0.0071867724
-0.0071049244
-0.0070041727
-0.0070766699
-0.0070583425
-0.0067358435
-0.0065006223
-0.0065307762
-0.0063804372
-0.0060386425
-0.0059133062
-0.0058264382
-0.0054527958
-0.0050380107
-0.0047740485
-0.0045254671
-0.0043145850
-0.0041172257
-0.0036773244
-0.0031420871
-0.0029229411
-0.0027691626
-0.0023808605
-0.0019811305
-0.0016067542
-0.0012750840
-0.0010575270
-0.0007784768
-0.0004285490
-0.0000751899
0.0003677714
0.0008723240
0.0012993160
0.0016318585
0.0020688548
0.0026563823
0.0032027319
0.0037271363
0.0042500867
0.0046992508
0.0052334159
0.0059068147
0.0065590426
0.0070971235
0.0075431119
0.0080515144
0.0086209598
0.0091404711
0.0096457453
0.0100954880
0.0104988574
0.0109675018
0.0115192842
0.0122061240
0.0129578206
0.0135251323
0.0139551121
0.0145115599
0.0151569416
0.0157434925
0.0163834677
0.0170849756
0.0176158973
0.0180938686
0.0187429834
0.0193366472
0.0198256933
0.0204186187
0.0209787484
0.0214583233
0.0220603281
0.0227561990
0.0233368078
0.0237095216
0.0240530302
0.0245493794
0.0251398291
0.0257216591
0.0262912722
0.0268164812
0.0271833731
0.0275341759
0.0280799299
0.0286256109
0.0290692686
0.0296369244
0.0302989467
0.0308343028
0.0312324399
0.0315756396
0.0320246105
0.0326147664
0.0329830503
0.0331115465
0.0334221061
0.0338925649
0.0343149751
0.0347303604
0.0350873855
0.0353580944
0.0356731918
0.0359467996
0.0361391543
0.0364321318
0.0367971424
0.0371141159
0.0373001987
0.0374198065
0.0376978854
0.0380429026
0.0382994936
0.0386177294
0.0389881974
0.0392128801
0.0394164509
0.0397903783
0.0401799385
0.0404430176
0.0407131147
0.0410671805
0.0412591163
0.0412295622
0.0413364959
0.0416874848
0.0420812042
0.0423402184
0.0424742561
0.0427043662
0.0428889286
0.0428809712
0.0430878677
0.0434546746
0.0435236254
0.0434586861
0.0435774483
0.0438182854
0.0440661247
0.0442293381
0.0442088936
0.0441346003
0.0442098319
0.0444147857
0.0446450256
0.0447901614
0.0447787011
0.0446998911
0.0446340779
0.0446168031
0.0446759155
0.0446976169
0.0446122326
0.0444349417
0.0441469204
0.0439030860
0.0439124684
0.0439706409
0.0437785233
0.0434723664
0.0431674627
0.0428801020
0.0426796966
0.0424652731
0.0423336328
0.0422896026
0.0419404793
0.0413618253
0.0410428239
0.0409203174
0.0404875860
0.0398143995
0.0393706236
0.0389895408
0.0385103912
0.0382929163
0.0380692311
0.0373867537
0.0366702393
0.0362609060
0.0359738372
0.0355934791
0.0349385803
0.0342219366
0.0337532616
0.0333764928
0.0330715558
0.0329200745
0.0326315265
0.0320839876
0.0314604472
0.0309060512
0.0304624610
0.0299674579
0.0293457947
0.0288165158
0.0284167699
0.0279805123
0.0274858252
0.0269258143
0.0263735801
0.0258703949
0.0252475551
0.0246044330
0.0241395857
0.0237846210
0.0234374441
0.0230112741
0.0225011305
0.0220858425
0.0219306829
0.0218292070
0.0214070347
0.0208272368
0.0204532313
0.0200982394
0.0196035970
0.0191511100
0.0186212784
0.0179684108
0.0175725263
0.0174216308
0.0170458252
0.0164405908
0.0160456001
0.0159167663
0.0157892366
0.0154956708
0.0150467973
0.0145569943
0.0140224946
0.0135366108
0.0132074505
0.0128653204
0.0124523004
0.0120305778
0.0116241721
0.0113113266
0.0110345870
0.0107249144
0.0104623762
0.0102185130
0.0098105611
0.0092244430
0.0087345366
0.0083775295
0.0079080092
0.0073872083
0.0069811490
0.0066411620
0.0061516850
0.0054651397
0.0050708866
0.0049122575
0.0043617159
0.0037327108
0.0034062809
0.0030916331
0.0026487981
0.0020447774
0.0014669895
0.0011496604
0.0008294673
0.0003252505
-0.0001771468
-0.0005630025
-0.0009161629
-0.0014708139
-0.0022268775
-0.0028729667
-0.0033715442
-0.0037634696
-0.0039974751
-0.0042811887
-0.0046336178
-0.0049533489
-0.0053999867
-0.0059240462
-0.0063548569
-0.0067135348
-0.0069882838
-0.0071342025
-0.0072636660
-0.0075630201
-0.0080362746
-0.0084521958
-0.0087373293
-0.0091023531
-0.0094960420
-0.0096961781
-0.0098599676
-0.0100970586
-0.0102165963
-0.0103871398
-0.0108515550
-0.0112851791
-0.0115144299
-0.0117216780
-0.0118347244
-0.0119279341
-0.0121108566
-0.0120531871
-0.0118762853
-0.0120732873
-0.0123456893
-0.0122313609
-0.0120650732
-0.0121854725
-0.0123794689
-0.0124341150
-0.0123875680
-0.0123716367
-0.0123186934
-0.0121626697
-0.0121957582
-0.0124000090
-0.0124241802
-0.0122797979
-0.0121878727
-0.0122901173
-0.0123732137
-0.0121991807
-0.0119843310
-0.0119078969
-0.0118786387
-0.0116988366
-0.0114558961
-0.0113921299
-0.0112852528
-0.0110458188
-0.0109477211
-0.0109862885
-0.0109011089
-0.0106204485
-0.0104888257
-0.0105857495
-0.0105197411
-0.0102341184
-0.0099797284
-0.0099716032
-0.0101554793
-0.0101418034
-0.0098476822
-0.0096375375
-0.0097115264
-0.0097868814
-0.0095847300
-0.0093512487
-0.0093807630
-0.0095130633
-0.0095054703
-0.0093863752
-0.0093040415
-0.0093839922
-0.0095159699
-0.0094691823
-0.0093756765
-0.0093985011
-0.0094141826
-0.0094759167
-0.0096824826
-0.0097492444
-0.0096257785
-0.0096962302
-0.0099042821
-0.0100540191
-0.0103908024
-0.0108950406
-0.0112453129
-0.0114435524
-0.0116863093
-0.0121037910
-0.0125905960
-0.0128965668
-0.0131264898
-0.0134373651
-0.0136736880
-0.0139072915
-0.0142258017
-0.0144508056
-0.0147401286
-0.0152507115
-0.0157327129
-0.0160864065
-0.0163233604
-0.0164957189
-0.0167921303
-0.0170808512
-0.0171972440
-0.0174416363
-0.0179827738
-0.0185027465
-0.0187679381
-0.0188873485
-0.0190289572
-0.0192887072
-0.0196215132
-0.0198947509
-0.0200405205
-0.0200225311
-0.0200100613
-0.0202033068
-0.0204618517
-0.0207758343
-0.0211721306
-0.0213632091
-0.0213908764
-0.0215318486
-0.0216854389
-0.0217983334
-0.0220622023
-0.0224212238
-0.0226989220
-0.0227874764
-0.0227608345
-0.0229898435
-0.0234503710
-0.0237911021
-0.0240596148
-0.0243569475
-0.0246340998
-0.0248330108
-0.0249053501
-0.0250365670
-0.0252201051
-0.0252680085
-0.0253977151
-0.0256407467
-0.0257963067
-0.0259844835
-0.0261496740
-0.0261807844
-0.0263217910
-0.0264679655
-0.0263893270
-0.0264295210
-0.0265610322
];
