avg_array = [
-0.0252263585
-0.0251333932
-0.0249527049
-0.0248673095
-0.0249635852
-0.0250214334
-0.0249736693
-0.0248804190
-0.0249548664
-0.0251730552
-0.0250897296
-0.0247808571
-0.0244678302
-0.0241514973
-0.0241643803
-0.0242497230
-0.0238821076
-0.0236158175
-0.0237346872
-0.0234564761
-0.0226145763
-0.0220309997
-0.0219918641
-0.0217404911
-0.0208902215
-0.0200685683
-0.0195601166
-0.0189951451
-0.0182600992
-0.0173743351
-0.0164013565
-0.0156152597
-0.0149516120
-0.0138894643
-0.0124628994
-0.0112925020
-0.0101626838
-0.0086109189
-0.0071340116
-0.0059341432
-0.0045264782
-0.0028924179
-0.0012664890
0.0003023353
0.0016907947
0.0029762137
0.0044696672
0.0061748942
0.0078666740
0.0095486264
0.0113270663
0.0131977372
0.0150297160
0.0167364727
0.0187338831
0.0209856513
0.0228127801
0.0245567709
0.0266307002
0.0285221666
0.0301763076
0.0318938717
0.0336948152
0.0356237385
0.0375556343
0.0393735242
0.0412644721
0.0430654439
0.0445304906
0.0460818259
0.0480194148
0.0498716728
0.0513514294
0.0529161417
0.0545994258
0.0559764357
0.0572719961
0.0587668160
0.0603452480
0.0618708281
0.0632386580
0.0644662686
0.0655465930
0.0665227802
0.0677355774
0.0692072635
0.0704478758
0.0713261838
0.0721751725
0.0732482213
0.0743468855
0.0750625581
0.0755508609
0.0763109259
0.0773370541
0.0782628445
0.0789362531
0.0793072692
0.0796025047
0.0802606130
0.0810956357
0.0816729614
0.0819703460
0.0820762685
0.0822122096
0.0826925231
0.0831308682
0.0830285033
0.0829613102
0.0832645016
0.0833525261
0.0832362361
0.0833075683
0.0834489927
0.0835615122
0.0835947812
0.0834317109
0.0831535943
0.0829832756
0.0831430045
0.0833575259
0.0831969998
0.0828748378
0.0827535116
0.0826565228
0.0821779874
0.0816385158
0.0815222528
0.0815019501
0.0811972356
0.0805553024
0.0799277420
0.0796453958
0.0792335204
0.0786131811
0.0783410780
0.0780150271
0.0771265477
0.0762849371
0.0757285862
0.0750789501
0.0743513455
0.0735787284
0.0729122799
0.0724169946
0.0717574389
0.0709735130
0.0701905886
0.0693821622
0.0687024389
0.0680924968
0.0673250064
0.0663843432
0.0654760696
0.0646890775
0.0637616321
0.0625841299
0.0613879708
0.0602777632
0.0592803494
0.0585875714
0.0580894755
0.0571800228
0.0558164388
0.0546232732
0.0535600866
0.0523393860
0.0512024663
0.0501305518
0.0489298243
0.0477169831
0.0465941909
0.0455558518
0.0445312309
0.0434572179
0.0423656671
0.0412301313
0.0400020568
0.0387721361
0.0376015844
0.0364614947
0.0354599148
0.0344712114
0.0331893777
0.0318602314
0.0306418921
0.0294304773
0.0285404290
0.0278359335
0.0267971156
0.0256715469
0.0247994833
0.0239426224
0.0229144876
0.0218894451
0.0209937146
0.0200008752
0.0188829069
0.0180102923
0.0172691063
0.0162820735
0.0152972131
0.0146870415
0.0142287337
0.0135849021
0.0128239992
0.0119316736
0.0109378377
0.0103850132
0.0103654011
0.0101840280
0.0095936834
0.0090016104
0.0085341665
0.0079409017
0.0072648069
0.0068270538
0.0066973400
0.0067020855
0.0066014433
0.0063582908
0.0062837286
0.0063999258
0.0060759397
0.0051432546
0.0045611253
0.0046651964
0.0046491082
0.0044547542
0.0045276306
0.0045640123
0.0044069666
0.0044322807
0.0045212491
0.0044216125
0.0044308456
0.0044811659
0.0042383987
0.0041373560
0.0044998121
0.0048257073
0.0048835168
0.0050160037
0.0052503637
0.0053078558
0.0052720046
0.0054303221
0.0057917727
0.0061850885
0.0064735639
0.0065420674
0.0065122810
0.0066447299
0.0069514729
0.0072841160
0.0074770584
0.0076499964
0.0080846480
0.0085681754
0.0088683622
0.0093017844
0.0099261389
0.0102767809
0.0103313566
0.0105015375
0.0109023345
0.0114050667
0.0118457390
0.0122163183
0.0125340365
0.0125538911
0.0124873930
0.0128527608
0.0133418178
0.0136721665
0.0141384147
0.0144220213
0.0142263032
0.0141205166
0.0143957510
0.0148068851
0.0151082923
0.0152739317
0.0155717298
0.0159151106
0.0160441559
0.0161846338
0.0164317269
0.0166321694
0.0168538436
0.0170323934
0.0170471138
0.0171399883
0.0173120151
0.0172874594
0.0172878660
0.0175762968
0.0178738568
0.0179386858
0.0180033435
0.0182444917
0.0183256491
0.0179501368
0.0174562973
0.0174580364
0.0179419827
0.0183391536
0.0185210697
0.0185890259
0.0184506706
0.0181992975
0.0178509890
0.0175479900
0.0176290622
0.0177287585
0.0174732325
0.0172022832
0.0170927285
0.0169862700
0.0168607989
0.0167174043
0.0163909138
0.0160016464
0.0159491504
0.0159945118
0.0156934281
0.0154562713
0.0155199306
0.0153123214
0.0148254486
0.0145548420
0.0143345254
0.0138806520
0.0134261921
0.0131709895
0.0130183556
0.0127218657
0.0123066545
0.0120875819
0.0119857516
0.0117111063
0.0113536569
0.0112075983
0.0110236046
0.0104328560
0.0098938115
0.0097215595
0.0098225248
0.0100469915
0.0097877495
0.0091735146
0.0088975513
0.0087968441
0.0085845342
0.0081404473
0.0076316547
0.0073816199
0.0069973835
0.0065418641
0.0066156988
0.0067134884
0.0062644425
0.0057610149
0.0054897714
0.0051588223
0.0047287555
0.0043342596
0.0040960515
0.0041721689
0.0043042914
0.0040045922
0.0034213612
0.0029942471
0.0026857398
0.0023795456
0.0020667040
0.0018177556
0.0018582837
0.0017652567
0.0011460745
0.0007486875
0.0006976916
0.0001583451
-0.0005112094
-0.0005458520
-0.0004739055
-0.0007768588
-0.0010918569
-0.0013514073
-0.0017352841
-0.0021455810
-0.0025246592
-0.0028716100
-0.0033392223
-0.0040003544
-0.0044656664
-0.0047472256
-0.0051936507
-0.0056166634
-0.0058238798
-0.0060889648
-0.0065385056
-0.0069001930
-0.0072665558
-0.0079287624
-0.0085280941
-0.0087435002
-0.0089195191
-0.0094202875
-0.0100097104
-0.0102189968
-0.0102931097
-0.0106888663
-0.0111561859
-0.0114579902
-0.0117616093
-0.0119849400
];
