avg_array = [
-0.0293722015
-0.0293158514
-0.0292062408
-0.0290914081
-0.0290647208
-0.0290748655
-0.0289201913
-0.0285405918
-0.0283756251
-0.0285137095
-0.0282315859
-0.0274605355
-0.0266709261
-0.0259651164
-0.0255412744
-0.0251788658
-0.0243739160
-0.0235019524
-0.0228991137
-0.0220427701
-0.0206794497
-0.0194343781
-0.0187305160
-0.0179516914
-0.0166425907
-0.0153597916
-0.0143397159
-0.0131200135
-0.0116309003
-0.0100733019
-0.0085030013
-0.0070604934
-0.0056759513
-0.0039613890
-0.0020279441
-0.0003038408
0.0014833629
0.0035160380
0.0053189524
0.0069504003
0.0088743109
0.0109582736
0.0128908618
0.0147262905
0.0165126373
0.0182398969
0.0201150472
0.0222431864
0.0243050836
0.0260831028
0.0278110860
0.0296907702
0.0315888068
0.0333357915
0.0352036609
0.0372289428
0.0389286276
0.0405775851
0.0425342011
0.0443026323
0.0457930929
0.0472888225
0.0486704532
0.0500065710
0.0514792525
0.0529644977
0.0544484417
0.0558578365
0.0570236636
0.0582187489
0.0596722785
0.0610209906
0.0620005398
0.0629507464
0.0639727408
0.0647447905
0.0654047386
0.0662785300
0.0672695128
0.0680843387
0.0686565048
0.0691257575
0.0694736540
0.0697533560
0.0702975599
0.0710298928
0.0714950603
0.0717035890
0.0719327270
0.0723077084
0.0727319449
0.0728599447
0.0726175838
0.0724049976
0.0725351360
0.0728540535
0.0729991223
0.0728420018
0.0726538837
0.0726757225
0.0727779719
0.0728162716
0.0726827117
0.0723175799
0.0720223613
0.0720361264
0.0719103237
0.0713736744
0.0710526274
0.0710386796
0.0707508375
0.0703519052
0.0701549671
0.0700386689
0.0699287815
0.0697104350
0.0693747062
0.0689992723
0.0686444558
0.0685324886
0.0684899328
0.0681370184
0.0676357539
0.0673859059
0.0673325465
0.0670126986
0.0665904051
0.0664256462
0.0662662611
0.0660210598
0.0655492737
0.0648607434
0.0645197850
0.0643473962
0.0639776673
0.0638286016
0.0636799726
0.0629837581
0.0622373293
0.0617473285
0.0612907734
0.0609511751
0.0604993775
0.0598796892
0.0595058427
0.0591646469
0.0585912452
0.0580473184
0.0575808710
0.0570485661
0.0565390149
0.0560946406
0.0555429565
0.0548490556
0.0540877536
0.0532452334
0.0523467723
0.0514462613
0.0505478708
0.0496904030
0.0490242702
0.0485541335
0.0478863736
0.0468529335
0.0457900113
0.0447290497
0.0435586876
0.0424531410
0.0413183577
0.0401391350
0.0392073583
0.0383244242
0.0372568361
0.0362370509
0.0353155066
0.0343936546
0.0334354862
0.0323198001
0.0311541995
0.0301465727
0.0291681323
0.0281722069
0.0272514975
0.0262963731
0.0252624190
0.0241080800
0.0229255456
0.0220788525
0.0213546581
0.0203119644
0.0192240508
0.0183558758
0.0175593545
0.0167461120
0.0158785532
0.0149578635
0.0140026347
0.0130528892
0.0122608929
0.0115141553
0.0106365596
0.0098925456
0.0094467823
0.0090600844
0.0085417508
0.0078604355
0.0070392966
0.0062706821
0.0058635171
0.0058044470
0.0056225937
0.0050558401
0.0044586638
0.0040988618
0.0037101952
0.0032142342
0.0029753953
0.0030810510
0.0032003625
0.0031902264
0.0032542397
0.0034193434
0.0035620404
0.0035136114
0.0030935688
0.0028135671
0.0030852535
0.0034102656
0.0036375856
0.0040411659
0.0044638699
0.0047692636
0.0051488650
0.0055868718
0.0059542031
0.0064227008
0.0068907954
0.0070259615
0.0071967764
0.0078173179
0.0084684977
0.0089010264
0.0094825962
0.0101103614
0.0104493857
0.0107938763
0.0113760681
0.0120163459
0.0126318883
0.0131985504
0.0136105141
0.0138932387
0.0142388772
0.0147845507
0.0154185668
0.0158869545
0.0162450260
0.0166824745
0.0170950293
0.0175098826
0.0182029571
0.0190193625
0.0194621585
0.0195673546
0.0197840975
0.0202569928
0.0207879634
0.0211323588
0.0213779233
0.0216414954
0.0216494181
0.0216011595
0.0220263336
0.0225470899
0.0227040006
0.0228605257
0.0230950857
0.0230381372
0.0228775154
0.0229788514
0.0231621065
0.0231755906
0.0231995560
0.0233564973
0.0233716073
0.0232508509
0.0232471777
0.0232481606
0.0231295275
0.0229744915
0.0227402451
0.0224088621
0.0221905871
0.0219992955
0.0214910609
0.0208744357
0.0205667782
0.0203043798
0.0196560931
0.0189920370
0.0186713473
0.0181934666
0.0173435557
0.0164868428
0.0158183235
0.0154856939
0.0153522907
0.0149880037
0.0143669145
0.0137847331
0.0132792732
0.0126048332
0.0119391144
0.0115851290
0.0112152216
0.0106827467
0.0102089200
0.0097654949
0.0093477536
0.0090030928
0.0086530405
0.0082486718
0.0078714378
0.0076562917
0.0074457516
0.0069942533
0.0065833975
0.0065183922
0.0064808949
0.0061421224
0.0056847093
0.0053477958
0.0051159432
0.0048974203
0.0047308006
0.0046589545
0.0043675629
0.0039081291
0.0038502472
0.0039906735
0.0038015711
0.0035235477
0.0035693280
0.0036306180
0.0033281159
0.0030379378
0.0029762439
0.0031398513
0.0035533837
0.0035622764
0.0031049314
0.0029664070
0.0031070118
0.0031461910
0.0029680829
0.0026724669
0.0025553796
0.0024689076
0.0023942461
0.0026370947
0.0027685683
0.0024507609
0.0022346085
0.0022478032
0.0021414647
0.0020076274
0.0018580587
0.0016289019
0.0016264887
0.0018058087
0.0017296844
0.0014975914
0.0014328927
0.0013804134
0.0012366180
0.0010328754
0.0008263199
0.0009102820
0.0009322315
0.0004525671
0.0002160306
0.0003988305
0.0000960568
-0.0004416554
-0.0003842776
-0.0000903768
-0.0001771142
-0.0004596845
-0.0005861451
-0.0006760356
-0.0009133734
-0.0011934414
-0.0014154817
-0.0017457236
-0.0022534427
-0.0025922347
-0.0027256241
-0.0030424737
-0.0034822583
-0.0037628405
];
