avg_array = [
-0.0127533271
-0.0125035157
-0.0122158461
-0.0121651032
-0.0119560189
-0.0115171487
-0.0110136099
-0.0103684650
-0.0097132071
-0.0092549650
-0.0087838594
-0.0080493011
-0.0071141228
-0.0061367205
-0.0052761450
-0.0043875944
-0.0032183596
-0.0020913174
-0.0010691505
0.0003544658
0.0020166384
0.0034931559
0.0050292464
0.0067475572
0.0084732057
0.0104668234
0.0127729348
0.0148580847
0.0167199416
0.0189443884
0.0215250278
0.0240576853
0.0267697546
0.0297142171
0.0323178715
0.0346619821
0.0372057418
0.0398260114
0.0425104521
0.0454955123
0.0484266791
0.0510938755
0.0540726214
0.0573772809
0.0603038922
0.0629680411
0.0660432834
0.0691695084
0.0717909972
0.0745907414
0.0776905940
0.0802411764
0.0825613787
0.0850874823
0.0874777890
0.0899636666
0.0926796676
0.0951779456
0.0972747562
0.0991725586
0.1010820633
0.1029736867
0.1049119384
0.1067073189
0.1079388725
0.1089663882
0.1102777442
0.1116480707
0.1127244840
0.1136550925
0.1147075169
0.1156753725
0.1164809146
0.1172350154
0.1177138839
0.1179769603
0.1182261893
0.1182086857
0.1179720396
0.1178405728
0.1177041120
0.1173597928
0.1168345539
0.1162114622
0.1154562502
0.1145772062
0.1136669104
0.1126829582
0.1116393613
0.1105124644
0.1090933338
0.1075789987
0.1063130970
0.1049802616
0.1033968449
0.1019103975
0.1002790701
0.0981882918
0.0962022924
0.0944428294
0.0922725650
0.0899226161
0.0879842837
0.0859649152
0.0835978076
0.0814402521
0.0793322602
0.0768334641
0.0741607971
0.0716515108
0.0693620372
0.0670405500
0.0646576435
0.0624103816
0.0600643748
0.0576323637
0.0554366039
0.0531631961
0.0506523012
0.0483022487
0.0461198969
0.0438362070
0.0415250054
0.0393582068
0.0371551988
0.0347902766
0.0323883640
0.0298840847
0.0274190861
0.0252757705
0.0231886707
0.0210323691
0.0189988019
0.0169032266
0.0147627593
0.0128717606
0.0110633557
0.0092233931
0.0075142659
0.0057438303
0.0037295733
0.0017904254
0.0002277880
-0.0011550131
-0.0027325655
-0.0044608746
-0.0060977750
-0.0076628387
-0.0090788425
-0.0102885867
-0.0115661890
-0.0129236001
-0.0141484352
-0.0151877861
-0.0161127927
-0.0170771121
-0.0180558034
-0.0191088403
-0.0202202318
-0.0210027027
-0.0215871687
-0.0222633054
-0.0228278566
-0.0233096193
-0.0238790924
-0.0244325079
-0.0249353585
-0.0253564050
-0.0255924608
-0.0259195768
-0.0263560642
-0.0264417564
-0.0264872262
-0.0268930439
-0.0271857395
-0.0272128872
-0.0273784431
-0.0276331162
-0.0277128483
-0.0277432697
-0.0277330264
-0.0276332150
-0.0277199777
-0.0277737123
];
std_array = [
0.0790262971
0.0784659166
0.0778043723
0.0774302213
0.0768053132
0.0761107140
0.0759498986
0.0758247412
0.0752914907
0.0748207888
0.0747029910
0.0746469642
0.0744881963
0.0745611874
0.0749318275
0.0750208065
0.0747492565
0.0746200329
0.0746560898
0.0744238167
0.0742393600
0.0745443097
0.0749157385
0.0748945310
0.0748568151
0.0751686565
0.0755265678
0.0757223776
0.0758771710
0.0760422501
0.0762389911
0.0765784489
0.0770589488
0.0775142809
0.0778631062
0.0780212466
0.0781561289
0.0783675081
0.0784497353
0.0783591363
0.0784307452
0.0787621634
0.0789587224
0.0787596123
0.0787040565
0.0790205320
0.0792156058
0.0792330176
0.0792985243
0.0791846215
0.0788891125
0.0787711648
0.0787837558
0.0785667587
0.0782119325
0.0780628187
0.0779393238
0.0775726302
0.0773086046
0.0772296488
0.0770266828
0.0766995948
0.0763569805
0.0758451657
0.0753464684
0.0751067574
0.0748116990
0.0745534691
0.0745541542
0.0745106314
0.0744042454
0.0745050549
0.0745543054
0.0743366219
0.0740432562
0.0739252291
0.0740179468
0.0740650127
0.0739523611
0.0738817375
0.0737180660
0.0733120868
0.0730042356
0.0729567149
0.0730317924
0.0731531018
0.0733585523
0.0736092458
0.0735445057
0.0733381726
0.0735254351
0.0738688577
0.0739002608
0.0740865884
0.0746535863
0.0751244635
0.0752865853
0.0754889720
0.0762081997
0.0769145345
0.0768041492
0.0766118543
0.0770707460
0.0775119989
0.0774796039
0.0774169015
0.0776459251
0.0778425196
0.0779593524
0.0784060462
0.0788948535
0.0789992072
0.0790643337
0.0793876248
0.0797923388
0.0800397519
0.0802544924
0.0805963533
0.0808910121
0.0809329562
0.0808683294
0.0809456577
0.0812352959
0.0816603364
0.0818561551
0.0817554290
0.0817511499
0.0817847393
0.0814496504
0.0810318938
0.0810511209
0.0811907710
0.0810394054
0.0808098111
0.0806708613
0.0805153133
0.0803409313
0.0801788736
0.0799575228
0.0798056843
0.0797460502
0.0795375426
0.0791660619
0.0787571048
0.0784167684
0.0782353336
0.0781851553
0.0780473630
0.0777029642
0.0771472503
0.0766483169
0.0762351509
0.0757572389
0.0751938365
0.0746650677
0.0742971066
0.0739877047
0.0737284378
0.0735614948
0.0734086030
0.0729880902
0.0723618026
0.0719340349
0.0716466235
0.0711579800
0.0706177621
0.0702025355
0.0697395020
0.0693304000
0.0691383695
0.0688135515
0.0681808638
0.0675861027
0.0671604011
0.0666404019
0.0663085112
0.0662020149
0.0657947453
0.0651913889
0.0647395894
0.0643592358
0.0640793092
0.0640304066
0.0638904647
];
indexLeft = ...
0.109
idxRight = ...
0.12712
maxSTD = ...
0.0818561551
minSTD = ...
0.0638904647
traces = ...
184
amplL = 0.13098;
amplR = 0.146;
ampLSTD = 0.17156;
ampRSTD = 0.1661;
