avg_array = [
-0.0019525946
-0.0018269860
-0.0014044698
-0.0010564713
-0.0013127881
-0.0016650320
-0.0012739177
-0.0006912562
-0.0005460537
-0.0003610971
0.0000903441
0.0004570159
0.0007446662
0.0014047985
0.0024903304
0.0033587125
0.0037331168
0.0041091799
0.0048862210
0.0060640629
0.0073910906
0.0085527523
0.0096763768
0.0110267684
0.0124531664
0.0138906434
0.0155253039
0.0172038033
0.0186357570
0.0200364274
0.0217970417
0.0238593731
0.0259068739
0.0277786715
0.0294309620
0.0310307233
0.0329810111
0.0351927213
0.0371388594
0.0388661188
0.0406786800
0.0423799590
0.0439541198
0.0457996826
0.0477089953
0.0492266863
0.0507437183
0.0525325545
0.0541125365
0.0555428070
0.0572462179
0.0589462780
0.0603346078
0.0614833382
0.0625053146
0.0637087127
0.0650476026
0.0661416663
0.0672700223
0.0686626331
0.0698252495
0.0704715824
0.0709751443
0.0715970513
0.0719796160
0.0721261509
0.0726262428
0.0732512864
0.0734760427
0.0736637600
0.0739476803
0.0740558855
0.0740199924
0.0738371979
0.0737461906
0.0738406519
0.0736263187
0.0731594021
0.0729051599
0.0726944688
0.0721591834
0.0714295970
0.0707453607
0.0700241477
0.0691159425
0.0680399502
0.0671374595
0.0664212401
0.0653059208
0.0639812663
0.0628524846
0.0617201460
0.0608770587
0.0601478134
0.0587737113
0.0572275719
0.0561144324
0.0550059806
0.0535804882
0.0521556209
0.0509543295
0.0496949053
0.0482487274
0.0467089248
0.0450520917
0.0435491082
0.0423261543
0.0409076897
0.0391861739
0.0375357952
0.0359805170
0.0345181623
0.0332457484
0.0318688175
0.0303839409
0.0290047409
0.0273916839
0.0256446715
0.0242550760
0.0229678150
0.0214857670
0.0198361996
0.0180509910
0.0164833384
0.0152363648
0.0139355007
0.0125020948
0.0109284463
0.0092965599
0.0079963822
0.0070192769
0.0058908459
0.0044305865
0.0031603790
0.0023231853
0.0013093287
0.0000158382
-0.0010777656
-0.0020647662
-0.0031237591
-0.0041452690
-0.0053112353
-0.0065575336
-0.0073941549
-0.0079796907
-0.0088510064
-0.0098727845
-0.0106635007
-0.0114282778
-0.0124377989
-0.0133459443
-0.0138673445
-0.0143039840
-0.0148837331
-0.0154871865
-0.0160257545
-0.0165065230
-0.0169609014
-0.0173181768
-0.0175229187
-0.0177165916
-0.0179781892
-0.0183267047
-0.0186530026
-0.0187354325
-0.0187557313
-0.0189226154
-0.0190897275
-0.0192595678
-0.0195297422
-0.0197837028
-0.0199057901
-0.0199880496
-0.0201291973
-0.0202326655
-0.0201410836
-0.0201012661
-0.0205662007
-0.0211670497
-0.0213339991
-0.0212960007
-0.0212119112
-0.0209966590
-0.0208649018
-0.0208940567
-0.0208334767
-0.0205899071
-0.0203761386
-0.0202087757
-0.0199359522
-0.0197643201
-0.0197149065
-0.0195297496
-0.0194349754
-0.0194531633
-0.0192342934
-0.0190954612
-0.0190905569
-0.0185908772
-0.0179841994
-0.0177940238
-0.0174901105
-0.0171299968
-0.0170414182
-0.0167786622
-0.0163138677
-0.0160472796
-0.0158914538
-0.0155012467
-0.0149336054
-0.0147006409
-0.0147262794
-0.0143900216
-0.0139143273
-0.0137844347
-0.0136569248
-0.0133513718
-0.0130369200
-0.0125252220
-0.0120995328
-0.0121983347
-0.0121731178
-0.0115684311
-0.0111371159
-0.0110993564
-0.0107917095
-0.0103801926
-0.0102169182
-0.0099906022
-0.0098164312
-0.0099078205
-0.0098858104
-0.0096022535
-0.0094035333
-0.0093435106
-0.0091817189
-0.0090610199
-0.0091838477
-0.0092669944
-0.0091046559
-0.0089264365
-0.0087957950
-0.0086158327
-0.0085850996
-0.0086648083
-0.0085569962
-0.0084176488
-0.0084317035
-0.0084617471
-0.0084734991
-0.0085702766
-0.0087066330
-0.0087110717
-0.0086977726
-0.0088972609
-0.0090903527
-0.0090737719
-0.0090706437
-0.0090858613
-0.0089442898
-0.0088761891
-0.0090225342
-0.0091304620
-0.0091640945
-0.0091962713
-0.0091713500
-0.0091957161
-0.0093559890
-0.0095263694
-0.0096198849
-0.0097764920
-0.0100440121
-0.0101704780
-0.0102479201
-0.0105907786
-0.0109522130
-0.0112257258
-0.0116570118
-0.0119927188
-0.0121140786
-0.0124345957
-0.0130507506
-0.0136364837
-0.0139621737
-0.0140966333
-0.0143108218
-0.0148110164
-0.0155518439
-0.0163199502
-0.0167968873
-0.0170374636
-0.0174652260
-0.0179246671
-0.0182376783
-0.0187497103
-0.0192864698
-0.0194713255
-0.0196159639
-0.0200025103
-0.0203486522
-0.0205487972
-0.0208747594
-0.0212149541
-0.0212538570
-0.0211862159
-0.0213087140
-0.0214834596
-0.0216371940
-0.0218228050
-0.0218430608
-0.0218287090
-0.0220074142
];
