avg_array = [
-0.0394094582
-0.0393606227
-0.0390112992
-0.0389499872
-0.0390704073
-0.0389790834
-0.0388471236
-0.0389199630
-0.0389964517
-0.0387922555
-0.0386334000
-0.0387849661
-0.0388135578
-0.0385005005
-0.0381784618
-0.0380934509
-0.0380721973
-0.0378114154
-0.0374336228
-0.0373653923
-0.0376510579
-0.0378355701
-0.0376561204
-0.0372668435
-0.0367748483
-0.0363201157
-0.0360324741
-0.0358471367
-0.0357739565
-0.0356649003
-0.0353072002
-0.0349640282
-0.0349056578
-0.0348880619
-0.0346086042
-0.0341312898
-0.0337848476
-0.0337912089
-0.0338723692
-0.0335665463
-0.0329825657
-0.0326570842
-0.0325958859
-0.0324344908
-0.0322332318
-0.0320863470
-0.0318465188
-0.0315233535
-0.0313010798
-0.0311775443
-0.0310254373
-0.0309734171
-0.0310627078
-0.0310201932
-0.0307449749
-0.0303299456
-0.0299030790
-0.0296165594
-0.0293840349
-0.0290011844
-0.0283913529
-0.0276520592
-0.0268915306
-0.0259143450
-0.0247379724
-0.0237739177
-0.0229609351
-0.0219305317
-0.0207650291
-0.0194988111
-0.0179206722
-0.0162058788
-0.0145176098
-0.0126589024
-0.0106213955
-0.0085899297
-0.0064236458
-0.0039799263
-0.0015750297
0.0008954491
0.0038373216
0.0067593625
0.0093779799
0.0124613090
0.0161084099
0.0196023110
0.0229828281
0.0266265986
0.0303461009
0.0340634026
0.0380056822
0.0420333814
0.0459215117
0.0499523508
0.0542844304
0.0585690672
0.0629062732
0.0676671642
0.0723818723
0.0767337589
0.0813893218
0.0864181021
0.0912712963
0.0961286966
0.1010492502
0.1057297053
0.1106560367
0.1160301235
0.1209918225
0.1254821641
0.1302916897
0.1352257342
0.1397181489
0.1441437517
0.1489264074
0.1537679110
0.1584221243
0.1630058983
0.1673461543
0.1712628032
0.1752936736
0.1795179075
0.1831331238
0.1863832820
0.1901023434
0.1938422889
0.1970605023
0.2001332742
0.2030292282
0.2053802192
0.2075252893
0.2097976430
0.2120112687
0.2140394127
0.2158305756
0.2173591062
0.2186085718
0.2195196255
0.2203207638
0.2210968740
0.2214783423
0.2214453948
0.2213892320
0.2213104998
0.2209043677
0.2203235692
0.2197909690
0.2188713258
0.2173605247
0.2157446662
0.2141974855
0.2125660538
0.2108214197
0.2088252378
0.2064663521
0.2038718965
0.2012296950
0.1984992527
0.1955024294
0.1924385583
0.1894060691
0.1860284427
0.1825035261
0.1792698297
0.1758128144
0.1718677985
0.1681405077
0.1646009740
0.1606314915
0.1564298391
0.1522616037
0.1480485370
0.1439565491
0.1399437240
0.1357969336
0.1316691726
0.1275726174
0.1231904438
0.1185788914
0.1142522760
0.1101786612
0.1058342899
0.1014772230
0.0974708573
0.0934299900
0.0893566905
0.0855284503
0.0815941893
0.0772993540
0.0730476302
0.0690867046
0.0652311354
0.0616042023
0.0582312892
0.0546397575
0.0507900509
0.0471837631
0.0440329162
0.0409104340
0.0375291989
0.0342718932
0.0313371542
0.0284678939
0.0255763536
0.0227812689
0.0200840552
0.0174643172
0.0150305383
0.0127498355
0.0104916969
0.0082885925
0.0061299689
0.0040184589
0.0022039775
0.0007495467
-0.0007080666
-0.0022753130
-0.0036083521
-0.0047983399
-0.0062201314
-0.0074958167
-0.0082836529
-0.0092173235
-0.0104383751
-0.0111494376
-0.0114967707
-0.0121773740
-0.0128335366
-0.0131077926
-0.0134292097
-0.0139332590
-0.0142401074
-0.0142707082
-0.0142627551
-0.0142746960
-0.0143089468
-0.0142972625
-0.0140939914
-0.0138158827
-0.0135883941
-0.0132158580
-0.0126285403
-0.0122533445
-0.0121742600
-0.0117263316
-0.0109126496
-0.0105378319
-0.0103131213
-0.0094647131
-0.0085478041
-0.0079701960
-0.0071927681
-0.0061693617
-0.0052141095
-0.0044583268
-0.0038395740
-0.0030956830
-0.0021138195
-0.0010089630
0.0000200831
0.0008127391
0.0015657342
0.0026454500
0.0038176597
0.0047324167
0.0056534181
0.0065649345
0.0071732032
0.0077911224
0.0086465546
0.0094920277
0.0102311101
0.0109163821
0.0116526177
0.0124874901
0.0132740497
0.0138710412
0.0143116290
0.0149277277
0.0156976412
0.0161116364
0.0164480805
0.0171342472
0.0177054362
0.0179965081
0.0183403524
0.0188099989
0.0192407915
0.0194454250
0.0195113120
0.0196100690
0.0197873598
0.0200245973
0.0200987430
0.0199317644
0.0198610962
0.0200180325
0.0200984319
0.0200037380
0.0199386120
0.0199049836
0.0197071495
0.0193626494
0.0190545850
0.0187835169
0.0184679346
0.0181169949
0.0177416886
0.0174195872
0.0171485696
0.0166107814
0.0158973181
0.0154998565
0.0151322096
0.0144465447
0.0139019057
0.0136065367
0.0130983124
0.0123418211
0.0115852502
0.0108679037
0.0102655930
0.0097383636
0.0090828506
0.0084304486
0.0079161171
0.0072891600
0.0065011492
0.0058909662
0.0053467370
0.0044730722
0.0035965391
0.0030518310
0.0025249744
0.0018871604
0.0011857302
0.0003293339
-0.0004867934
-0.0010393510
-0.0015165332
-0.0021107007
-0.0027562037
-0.0033550222
-0.0039553882
-0.0045590655
-0.0050789591
-0.0056004469
-0.0061452654
-0.0066709545
-0.0072120478
-0.0075471595
-0.0077333171
-0.0083039578
-0.0091080291
-0.0096234005
-0.0099522723
-0.0102666572
-0.0105537102
-0.0108114935
-0.0109549046
-0.0111878716
-0.0117380160
-0.0122765796
-0.0124554940
-0.0123475040
-0.0123264594
-0.0125405583
-0.0126506483
-0.0126802898
-0.0129553308
-0.0133277111
-0.0136328899
-0.0139727522
-0.0142805683
-0.0142984146
-0.0140390238
-0.0139572138
-0.0141636387
-0.0142589896
-0.0142504511
-0.0144273343
-0.0146796031
-0.0146904854
-0.0145655917
-0.0146775337
-0.0148428571
-0.0148115553
-0.0148329787
-0.0148969015
-0.0149249154
-0.0150436916
];
