avg_array = [
-0.0436036435
-0.0435554480
-0.0432546192
-0.0432538513
-0.0434291471
-0.0433925905
-0.0431774330
-0.0430786141
-0.0430334326
-0.0427786387
-0.0425256277
-0.0424605071
-0.0424255768
-0.0423231715
-0.0421075763
-0.0418328370
-0.0416480197
-0.0414587680
-0.0411107045
-0.0408798440
-0.0410197276
-0.0411844367
-0.0410737245
-0.0407856380
-0.0404077896
-0.0400593119
-0.0398127771
-0.0397111581
-0.0398425097
-0.0399369972
-0.0397485078
-0.0395099112
-0.0394439300
-0.0394546014
-0.0393381679
-0.0390633393
-0.0388732187
-0.0390021181
-0.0392457533
-0.0391510260
-0.0387397226
-0.0385445260
-0.0386161582
-0.0385384294
-0.0384559441
-0.0386275042
-0.0386934303
-0.0384958469
-0.0384778930
-0.0386008877
-0.0384999166
-0.0385314057
-0.0388943876
-0.0391162873
-0.0390119526
-0.0387305736
-0.0385677458
-0.0387335752
-0.0389105236
-0.0388888970
-0.0387313871
-0.0384068498
-0.0379625383
-0.0373273027
-0.0365449429
-0.0360169537
-0.0357492988
-0.0352611134
-0.0344824996
-0.0336695902
-0.0326540598
-0.0313227842
-0.0299704370
-0.0285750936
-0.0270014184
-0.0254481432
-0.0237616651
-0.0216964892
-0.0195596480
-0.0172829994
-0.0145563757
-0.0119141495
-0.0094799165
-0.0063256906
-0.0024770427
0.0011814902
0.0047212593
0.0085427201
0.0124639952
0.0165040843
0.0209173180
0.0254562511
0.0299318051
0.0347662707
0.0399279073
0.0448910254
0.0500176836
0.0558178145
0.0615761423
0.0668284339
0.0724496817
0.0786651967
0.0847010658
0.0905731322
0.0965020524
0.1023243320
0.1084648183
0.1149943269
0.1210042721
0.1265048392
0.1323983660
0.1385453065
0.1441937114
0.1495552708
0.1553211792
0.1612501957
0.1667431116
0.1720438549
0.1773115255
0.1822502007
0.1872540432
0.1923959281
0.1969059852
0.2010838619
0.2056001499
0.2098976977
0.2136512467
0.2173217125
0.2207467633
0.2235752586
0.2262381514
0.2290751403
0.2318534115
0.2343397186
0.2364819804
0.2383764819
0.2399607629
0.2410807797
0.2420043066
0.2428795869
0.2433867371
0.2434647473
0.2434410101
0.2433635047
0.2429907227
0.2424521791
0.2418246538
0.2406654434
0.2390025915
0.2372550361
0.2353753737
0.2334194356
0.2314565043
0.2291253663
0.2263546745
0.2233768767
0.2203956948
0.2173929099
0.2140446261
0.2104914547
0.2069487079
0.2030803661
0.1990981144
0.1954435027
0.1915062199
0.1869380167
0.1825776604
0.1785406599
0.1740579832
0.1692343884
0.1644674572
0.1596121197
0.1547805376
0.1500846923
0.1453143761
0.1406913741
0.1362431466
0.1313348802
0.1260304322
0.1210331633
0.1162692692
0.1113346879
0.1064664744
0.1018838805
0.0973617203
0.0928513416
0.0883978427
0.0837664650
0.0789881675
0.0744583433
0.0701368026
0.0658645169
0.0619638164
0.0582114425
0.0539504020
0.0495245590
0.0456545988
0.0422198561
0.0386151073
0.0347007056
0.0309178945
0.0275058157
0.0242668678
0.0211320108
0.0182071178
0.0154097790
0.0126708519
0.0100515964
0.0075126299
0.0050479280
0.0027242402
0.0004070163
-0.0019423657
-0.0039426744
-0.0055000271
-0.0070512429
-0.0086438811
-0.0099524960
-0.0111322109
-0.0124739665
-0.0136663860
-0.0144456351
-0.0152952399
-0.0163397161
-0.0169146819
-0.0171807973
-0.0177434014
-0.0181810486
-0.0182569261
-0.0185325139
-0.0189430332
];
std_array = [
0.0328392236
0.0330561816
0.0334435391
0.0339481900
0.0343428500
0.0346884683
0.0351462642
0.0357256263
0.0363355399
0.0369482630
0.0374656692
0.0378648404
0.0382896136
0.0387535987
0.0391873542
0.0396822298
0.0402688129
0.0408540968
0.0413091148
0.0416928254
0.0422285004
0.0428416691
0.0433433351
0.0438342187
0.0444094627
0.0451300631
0.0457271154
0.0460058981
0.0463494218
0.0468100967
0.0470678233
0.0473820029
0.0479110019
0.0483210990
0.0486289977
0.0489406896
0.0493458898
0.0498284707
0.0502156674
0.0505580428
0.0507588786
0.0508420046
0.0511116761
0.0512166763
0.0508855420
0.0508012208
0.0511613749
0.0512903587
0.0509695487
0.0506422732
0.0506873622
0.0508977751
0.0507803149
0.0503726248
0.0501829680
0.0501706479
0.0499586964
0.0497874050
0.0497732630
0.0494337722
0.0488573392
0.0486426658
0.0485530089
0.0484238764
0.0485489912
0.0487344577
0.0488599836
0.0492135584
0.0494561158
0.0496303601
0.0502463870
0.0511726599
0.0519733234
0.0527025711
0.0537159620
0.0550961220
0.0567034921
0.0584361059
0.0602241221
0.0619408867
0.0636313541
0.0655672834
0.0677282593
0.0698773335
0.0721632318
0.0746031510
0.0770710954
0.0795660535
0.0818481231
0.0839978050
0.0862462383
0.0884181310
0.0904460857
0.0926124527
0.0949898947
0.0972633279
0.0992325487
0.1012357949
0.1033760058
0.1052008250
0.1065764962
0.1078611586
0.1092506893
0.1106297193
0.1118714614
0.1128430156
0.1136881875
0.1147229794
0.1158183225
0.1165035027
0.1164799664
0.1161451590
0.1161336202
0.1163355892
0.1162883917
0.1159464640
0.1155595474
0.1150590102
0.1141091454
0.1128900793
0.1118153829
0.1108719869
0.1097952734
0.1084538391
0.1069471187
0.1054469939
0.1040724276
0.1026223883
0.1008627057
0.0992153587
0.0977339209
0.0959855376
0.0941571530
0.0925476296
0.0909632205
0.0893947627
0.0879054637
0.0864630003
0.0851401551
0.0838030835
0.0823486612
0.0809842151
0.0800041488
0.0793379284
0.0787168654
0.0781056369
0.0775812689
0.0771261506
0.0767309702
0.0763999450
0.0762021810
0.0760951185
0.0762079303
0.0765651289
0.0765243929
0.0762870813
0.0764994721
0.0769387614
0.0774886140
0.0781227940
0.0786979416
0.0795152937
0.0803134915
0.0806460742
0.0811159143
0.0818370809
0.0824253021
0.0830752358
0.0837758285
0.0843163163
0.0848045764
0.0851698740
0.0854263612
0.0858723191
0.0864179144
0.0867100724
0.0867851236
0.0869047106
0.0871089767
0.0872013666
0.0871153468
0.0869972511
0.0868407917
0.0866700832
0.0865111567
0.0860750073
0.0854327023
0.0848790196
0.0843587044
0.0839824280
0.0833558016
0.0822330155
0.0815767805
0.0812728417
0.0802386055
0.0787947910
0.0777157916
0.0772929000
0.0773532035
0.0771061839
0.0764572933
0.0761901156
0.0762961183
0.0761760791
0.0759030143
0.0758489078
0.0759367420
0.0759823166
0.0761226635
0.0764735329
0.0766930403
0.0764889602
0.0761498118
0.0759408427
0.0756223019
0.0750599414
0.0743488353
0.0735570371
0.0727300305
0.0718121879
0.0706821166
0.0693186030
0.0679647407
0.0668461877
0.0656438259
0.0639491612
0.0622996091
0.0609888303
0.0595066999
0.0582386294
0.0571442584
];
indexLeft = ...
0.14573
idxRight = ...
0.1685
maxSTD = ...
0.1165035027
minSTD = ...
0.0328392236
traces = ...
231
amplL = 0.28707;
amplR = 0.26241;
ampLSTD = 0.14949;
ampRSTD = 0.14418;
