avg_array = [
-0.0279553730
-0.0279221346
-0.0278063358
-0.0276396959
-0.0276071956
-0.0275991371
-0.0273769060
-0.0271191703
-0.0268746050
-0.0265077709
-0.0261491778
-0.0257170583
-0.0250779153
-0.0245448131
-0.0241385544
-0.0235422375
-0.0229374295
-0.0225161176
-0.0220891615
-0.0217326747
-0.0215126389
-0.0212328720
-0.0209362090
-0.0206725090
-0.0204643165
-0.0204100453
-0.0202798101
-0.0199912671
-0.0198046540
-0.0197050787
-0.0196537523
-0.0197030070
-0.0197448929
-0.0197829823
-0.0198081317
-0.0197428041
-0.0196869262
-0.0196091589
-0.0194743561
-0.0194766461
-0.0195322046
-0.0194353948
-0.0193392443
-0.0193403570
-0.0192153905
-0.0189726013
-0.0187325707
-0.0182940800
-0.0178262617
-0.0175962827
-0.0171898936
-0.0164615546
-0.0157080560
-0.0149140548
-0.0141195793
-0.0134241742
-0.0127072715
-0.0119477687
-0.0110740860
-0.0100377770
-0.0089633742
-0.0077971426
-0.0066045365
-0.0054695895
-0.0041732517
-0.0028368300
-0.0016377064
-0.0002963515
0.0011617440
0.0024674268
0.0036952565
0.0048694071
0.0059507482
0.0070211235
0.0080148007
0.0089855949
0.0100969077
0.0112865375
0.0125195847
0.0137937826
0.0150402092
0.0162721591
0.0175486415
0.0188563196
0.0200656052
0.0211189106
0.0221450725
0.0231162399
0.0239049917
0.0247127922
0.0255814696
0.0262202874
0.0268519679
0.0278111579
0.0286545755
0.0290217972
0.0293128491
0.0298346261
0.0304501989
0.0310603436
0.0316739403
0.0322466792
0.0328051313
0.0334381984
0.0341027540
0.0347333031
0.0353686958
0.0360676239
0.0368091527
0.0375437209
0.0382612987
0.0389371865
0.0396565897
0.0405529501
0.0414779835
0.0421688489
0.0427016591
0.0433468357
0.0440108193
0.0444552445
0.0448873267
0.0455379303
0.0461591837
0.0465986347
0.0470813535
0.0476198672
0.0480765498
0.0485738224
0.0491677421
0.0496523117
0.0499653244
0.0503592033
0.0509292541
0.0513687931
0.0515272381
0.0516173794
0.0517092172
0.0517689230
0.0519943851
0.0524311831
0.0527269745
0.0527312771
0.0527145788
0.0527787905
0.0527531390
0.0526164667
0.0525076900
0.0524748003
0.0523946475
0.0522009237
0.0520023928
0.0517912652
0.0514509582
0.0510673203
0.0507991852
0.0505475048
0.0502008188
0.0498660792
0.0495155467
0.0491044727
0.0488219201
0.0486161500
0.0482297915
0.0478114480
0.0476673120
0.0476584817
0.0473884337
0.0468288492
0.0463336206
0.0460280113
0.0457026344
0.0452744909
0.0448582441
0.0444103814
0.0438672870
0.0434418705
0.0432041608
0.0429235043
0.0425021350
0.0420649478
0.0417583732
0.0415891871
0.0414450642
0.0412872548
0.0411040536
0.0408334605
0.0405416822
0.0402569903
0.0397773535
0.0390664764
0.0383252950
0.0376447652
0.0369989219
0.0362452967
0.0352943604
0.0343936279
0.0337150996
0.0330999244
0.0324656629
0.0318496643
0.0312161189
0.0305660399
0.0299705240
0.0294316873
0.0288509290
0.0281526383
0.0273960373
0.0266854304
0.0259781851
0.0251530052
0.0243222989
0.0236389643
0.0229553909
0.0222262842
0.0216406719
0.0212607416
0.0210142955
0.0206771020
0.0201778613
0.0198467888
0.0196797666
0.0193542938
0.0188947414
0.0183681508
0.0177488947
0.0171595509
0.0167100523
0.0163237748
0.0158981475
0.0155439076
0.0153276802
0.0150601952
0.0146918454
0.0144031911
0.0142104544
0.0139996526
0.0137693260
0.0135597333
0.0134102595
0.0132995096
0.0131626317
0.0130209094
0.0128923138
0.0129045179
0.0131487205
0.0133321822
0.0132870890
0.0131479356
0.0129769887
0.0128190952
0.0126356744
0.0123358523
0.0119881816
0.0116755911
0.0112534272
0.0105895011
0.0100801596
0.0099390468
0.0095602648
0.0088297512
0.0082835678
0.0078013860
0.0071459984
0.0065901124
0.0061302685
0.0055081360
0.0047287231
0.0040032091
0.0034832710
0.0030297245
0.0024912050
0.0019711931
0.0015401278
0.0010788920
0.0005934988
0.0002534736
-0.0000683813
-0.0005663565
-0.0010596974
-0.0013209630
-0.0014058720
-0.0016017417
-0.0019795052
-0.0022316850
-0.0022314949
-0.0020961602
-0.0019490914
-0.0019665599
-0.0020455548
-0.0018966563
-0.0016370066
-0.0015014393
-0.0014388219
-0.0012728658
-0.0008912811
-0.0005156598
-0.0004182001
-0.0004520374
-0.0004525045
-0.0003950339
-0.0002787263
-0.0001670152
0.0000189395
0.0001761780
0.0000656193
-0.0001398313
-0.0002295932
-0.0002574867
-0.0004193683
-0.0008179578
-0.0012467354
-0.0015448714
-0.0017977610
-0.0021549213
-0.0026108192
-0.0029771472
-0.0032634097
-0.0035339835
-0.0036273882
-0.0036386925
-0.0038734885
-0.0042714130
-0.0046138947
-0.0048943283
-0.0051786767
-0.0054850274
-0.0057762513
-0.0059766573
-0.0061690507
-0.0065482692
-0.0070611168
-0.0075115700
-0.0078733480
-0.0081822795
-0.0085069022
-0.0090474762
-0.0097423674
-0.0101356220
-0.0101903518
-0.0104615171
-0.0110326843
-0.0113223724
-0.0111767719
-0.0110567561
-0.0111205685
-0.0110558289
-0.0108314588
-0.0108254051
-0.0110695171
-0.0112428897
-0.0114056422
-0.0117577924
-0.0120002506
-0.0119552307
-0.0120268723
-0.0123804832
-0.0127756058
-0.0130537723
-0.0132210142
-0.0133712940
-0.0134595262
-0.0134845819
-0.0136119552
-0.0137284263
-0.0137167347
-0.0137657267
-0.0138980399
-0.0139292861
-0.0138427121
-0.0138781932
-0.0141044586
-0.0142181437
-0.0141271074
-0.0140674040
-0.0141462229
-0.0141914499
-0.0141123401
-0.0141502008
-0.0143175298
-0.0143810150
-0.0144279577
-0.0145507385
-0.0146148540
-0.0145336717
-0.0143738676
-0.0143658805
-0.0145542601
-0.0147423811
-0.0148884953
-0.0149723409
-0.0150566284
-0.0152943137
-0.0154432510
-0.0153220038
-0.0152861042
-0.0155866067
-0.0159638589
-0.0160475091
-0.0158692866
-0.0156885367
-0.0155582846
-0.0155376365
-0.0156883093
-0.0158475079
-0.0159582326
-0.0160862560
-0.0162442232
-0.0164295475
-0.0165545348
-0.0166299732
-0.0167980274
-0.0170118539
-0.0171254585
-0.0171207554
-0.0170423905
-0.0170628734
-0.0172800476
-0.0174318621
-0.0174106096
-0.0174317564
-0.0174696940
-0.0173897606
-0.0173462818
-0.0173985929
-0.0174708542
-0.0177072994
-0.0180948644
-0.0183726363
-0.0185682230
-0.0189015923
-0.0192535154
-0.0194118827
-0.0195364362
-0.0197534179
-0.0199325041
-0.0199979761
];
