avg_array = [
-0.0054494358
-0.0053699992
-0.0052629053
-0.0050697656
-0.0048683639
-0.0045625547
-0.0043154223
-0.0042897988
-0.0040853203
-0.0035915440
-0.0032069185
-0.0030256278
-0.0028586772
-0.0026298323
-0.0024036408
-0.0021277903
-0.0017623401
-0.0015247973
-0.0014265259
-0.0011757807
-0.0008012965
-0.0006157063
-0.0006465123
-0.0007233811
-0.0007512237
-0.0006713285
-0.0006549454
-0.0008488757
-0.0009237242
-0.0007081406
-0.0005525647
-0.0006074944
-0.0006255710
-0.0005630932
-0.0006183848
-0.0008015603
-0.0010035866
-0.0011508456
-0.0013059705
-0.0016138180
-0.0019106644
-0.0019841875
-0.0020183402
-0.0022300376
-0.0025019421
-0.0026141521
-0.0026325048
-0.0027730735
-0.0030300937
-0.0032325293
-0.0031982188
-0.0029887948
-0.0029235032
-0.0030373671
-0.0031341009
-0.0031064882
-0.0029376949
-0.0028343995
-0.0029728802
-0.0032262928
-0.0033960859
-0.0033935156
-0.0033312170
-0.0033172288
-0.0032245435
-0.0030217521
-0.0028690428
-0.0028172798
-0.0027918537
-0.0026885670
-0.0024496493
-0.0022032444
-0.0020581581
-0.0019215140
-0.0018898928
-0.0019532976
-0.0017063232
-0.0013748318
-0.0014210345
-0.0014277261
-0.0011765409
-0.0010731788
-0.0010876616
-0.0008917458
-0.0004809569
-0.0001649591
-0.0001176341
-0.0000233623
0.0003237852
0.0006675110
0.0008841027
0.0010844239
0.0013383340
0.0016115721
0.0018476225
0.0021967672
0.0027053818
0.0031239317
0.0034517162
0.0038298838
0.0041605725
0.0044039448
0.0046586425
0.0049393454
0.0052423304
0.0056059621
0.0060312924
0.0064283302
0.0067046183
0.0069762408
0.0073393572
0.0076856747
0.0080826021
0.0087004828
0.0093330014
0.0097154875
0.0100961901
0.0106376034
0.0111219043
0.0116182892
0.0121866281
0.0126577695
0.0131854110
0.0139551821
0.0146876451
0.0151472426
0.0155574142
0.0161313723
0.0168692896
0.0176620006
0.0183582294
0.0190351265
0.0197830631
0.0205575616
0.0213489027
0.0219878622
0.0224899402
0.0231858564
0.0240036969
0.0246674853
0.0252316189
0.0257560368
0.0261210036
0.0264297946
0.0269814761
0.0276043867
0.0278719585
0.0279488040
0.0282217034
0.0285666805
0.0287562906
0.0288634334
0.0288944114
0.0288475219
0.0288643580
0.0288617146
0.0287705670
0.0287473152
0.0287426592
0.0286644875
0.0285779532
0.0284649938
0.0283698405
0.0283087941
0.0280661852
0.0276861394
0.0274554497
0.0273200470
0.0270870081
0.0267997432
0.0265328211
0.0261994052
0.0257479455
0.0252607769
0.0247375456
0.0242338929
0.0239657900
0.0238561628
0.0236393990
0.0233620700
0.0231468821
0.0228340093
0.0223027321
0.0218645087
0.0216694322
0.0213272850
0.0207763099
0.0203360142
0.0200683341
0.0198439621
0.0194486847
0.0188865768
0.0185704991
0.0185430526
0.0182917295
0.0177964759
0.0174887160
0.0173034974
0.0169359323
0.0164803232
0.0161646431
0.0159547390
0.0157710639
0.0156083068
0.0154093170
0.0152139953
0.0150695574
0.0148438407
0.0145965404
0.0145626878
0.0146223246
0.0145911438
0.0144441792
0.0140188569
0.0134223482
0.0130243256
0.0127441774
0.0123007170
0.0117131735
0.0110924026
0.0105808469
0.0102951522
0.0100465540
0.0096241485
0.0090956638
0.0086321261
0.0083841906
0.0082994067
0.0081651774
0.0079588212
0.0077502908
0.0074775183
0.0071010656
0.0067832811
0.0066163497
0.0063921342
0.0060397301
0.0057362570
0.0054542624
0.0050137124
0.0044584206
0.0040284558
0.0037647980
0.0034095631
0.0028889770
0.0024314942
0.0021071087
0.0017851587
0.0014128020
0.0010570813
0.0007248032
0.0003284910
-0.0001060690
-0.0005072341
-0.0008295191
-0.0010072825
-0.0011829700
-0.0015771450
-0.0020374613
-0.0022561356
-0.0022405881
-0.0021331286
-0.0019829699
-0.0019163442
-0.0020306315
-0.0021778298
-0.0022065345
-0.0022275187
-0.0022787365
-0.0021457552
-0.0019155582
-0.0018292368
-0.0016400141
-0.0011798733
-0.0009158033
-0.0010402856
-0.0010457646
-0.0008043107
-0.0007653159
-0.0009968899
-0.0012429577
-0.0014852071
-0.0017159401
-0.0018445541
-0.0020313957
-0.0023938917
-0.0026719711
-0.0027577491
-0.0028851422
-0.0031327029
-0.0033489634
-0.0035063744
-0.0037520306
-0.0040418453
-0.0041970323
-0.0042728289
-0.0043749299
-0.0044671363
-0.0045226848
-0.0045127851
-0.0044453439
-0.0044178788
-0.0044195418
-0.0044214391
-0.0044321629
-0.0043300162
-0.0041163345
-0.0039970045
-0.0040490735
-0.0040911818
-0.0039875569
-0.0039667666
-0.0041676582
-0.0044288601
-0.0047724534
-0.0051707895
-0.0054562234
-0.0057836371
-0.0062754090
-0.0067923007
-0.0073447582
-0.0078886272
-0.0081531441
-0.0082298475
-0.0085264646
-0.0089630589
-0.0091030864
-0.0090610152
-0.0092732596
-0.0096102788
-0.0097938254
-0.0099975468
-0.0103585662
-0.0106654505
-0.0107751010
-0.0108743038
-0.0110203079
];
