avg_array = [
-0.0265118685
-0.0264915023
-0.0263431523
-0.0261040638
-0.0258282651
-0.0254121965
-0.0248134859
-0.0242083795
-0.0236538689
-0.0231031477
-0.0226578483
-0.0221955304
-0.0214883512
-0.0206708106
-0.0197688097
-0.0187312876
-0.0178363734
-0.0170720270
-0.0160776798
-0.0148948298
-0.0138382457
-0.0129173457
-0.0118776024
-0.0106144456
-0.0093584038
-0.0083471441
-0.0073541390
-0.0060386575
-0.0045255856
-0.0030093481
-0.0014790418
0.0000728135
0.0017235407
0.0033827331
0.0047534254
0.0058903289
0.0070645192
0.0083272694
0.0096565695
0.0110970384
0.0125003771
0.0135539741
0.0145224981
0.0158744859
0.0172071755
0.0182231188
0.0194337326
0.0208335951
0.0219406801
0.0228977990
0.0239097943
0.0247446768
0.0254658271
0.0264130349
0.0275738421
0.0288254914
0.0301343205
0.0312923021
0.0323207967
0.0335264001
0.0348125892
0.0359106018
0.0369763789
0.0383342403
0.0398416006
0.0411660710
0.0425299274
0.0441079060
0.0455424871
0.0466806106
0.0477522677
0.0490204239
0.0506139092
0.0522676152
0.0535268149
0.0545252990
0.0556944244
0.0569811783
0.0582822905
0.0596574615
0.0610060080
0.0622503488
0.0634451488
0.0646759880
0.0659455464
0.0671507587
0.0682333944
0.0692647210
0.0703505034
0.0713739641
0.0721044412
0.0726595466
0.0733001792
0.0739415844
0.0744413815
0.0748496958
0.0752023666
0.0754989179
0.0755976775
0.0753951055
0.0751246085
0.0749258767
0.0746874159
0.0743287059
0.0738985781
0.0735782575
0.0733285956
0.0728513243
0.0721879287
0.0715689973
0.0709425360
0.0703219033
0.0696888038
0.0689082363
0.0681676999
0.0673929546
0.0662486914
0.0649896942
0.0638896298
0.0627154837
0.0613758560
0.0600410381
0.0588113453
0.0577322793
0.0566459622
0.0554061757
0.0542230253
0.0531972880
0.0521770341
0.0510741907
0.0499199766
0.0488072919
0.0477519425
0.0467648375
0.0458068347
0.0447205280
0.0435933958
0.0426487139
0.0418784949
0.0411052949
0.0401659377
0.0392050329
0.0384269083
0.0375483876
0.0365339651
0.0358205720
0.0351730917
0.0342072923
0.0332296914
0.0324460108
0.0317362027
0.0310131401
0.0302883282
0.0296668528
0.0290742859
0.0283863640
0.0277821513
0.0273927235
0.0269948275
0.0263920789
0.0258343435
0.0255457129
0.0252175654
0.0247673793
0.0245893929
0.0246596005
0.0246353942
0.0245220638
0.0244125291
0.0242151958
0.0239743963
0.0238782837
0.0238921860
0.0237125104
0.0233430049
0.0231848513
0.0230906140
0.0227126457
0.0224447239
0.0224767398
0.0223428350
0.0219763958
0.0216964635
0.0214595006
0.0211172384
0.0208769071
0.0208580494
0.0207648015
0.0205159797
0.0203468981
0.0201980930
0.0199484754
0.0196911661
0.0194115212
0.0190009185
0.0184425544
0.0179303889
0.0176934527
0.0175314348
0.0171520116
0.0166104920
0.0160482632
0.0156950696
0.0156072708
0.0154114977
0.0148885905
0.0140604019
0.0130836185
0.0123961469
0.0120461557
0.0115916217
0.0110292864
0.0106095348
0.0102077895
0.0096688654
0.0090442300
0.0084292045
0.0079659672
0.0076755917
0.0074300750
0.0072122843
0.0070093610
0.0067724586
0.0065757017
0.0064617118
0.0063954706
0.0064453473
0.0065351775
0.0064261410
0.0062444053
0.0061696902
0.0060694960
0.0059602825
0.0060271213
0.0062118825
0.0062828632
0.0062896234
0.0064158759
0.0064636439
0.0062525250
0.0059852676
0.0057459023
0.0055771623
0.0055689706
0.0053839048
0.0048696459
0.0044817814
0.0042451256
0.0036845407
0.0029092695
0.0023075952
0.0017690013
0.0012098627
0.0007636448
0.0003209237
-0.0001953251
-0.0006599392
-0.0009883698
-0.0010719863
-0.0010882199
-0.0014032275
-0.0018319357
-0.0021344677
-0.0024423137
-0.0027189993
-0.0029901052
-0.0034138516
-0.0037782720
-0.0039659238
-0.0042312550
-0.0046090393
-0.0049156092
-0.0050697407
-0.0050913304
-0.0050413604
-0.0049396740
-0.0048731793
-0.0049298107
-0.0048791151
-0.0045950387
-0.0043655809
-0.0042515598
-0.0040344448
-0.0038469462
-0.0039128188
-0.0040437518
-0.0041868947
-0.0045874211
-0.0050564050
-0.0052400425
-0.0053330325
-0.0055803647
-0.0059052571
-0.0062479672
-0.0065739720
-0.0069156700
-0.0072594410
-0.0074754651
-0.0076151319
-0.0076741176
-0.0076338521
-0.0077043735
-0.0079370925
-0.0082427132
-0.0085667756
-0.0088697668
-0.0091834978
-0.0096107129
-0.0102148016
-0.0107360955
-0.0109500482
-0.0111340371
-0.0115812910
-0.0121513606
-0.0126114998
-0.0129382587
-0.0130141412
-0.0128818991
-0.0129441981
-0.0130501020
-0.0127917434
-0.0124862091
-0.0124096581
-0.0123672696
-0.0123084432
-0.0121805013
-0.0119481737
-0.0118604930
-0.0118564150
-0.0116547913
-0.0115042498
-0.0116103593
-0.0117189736
-0.0117814007
-0.0118832755
-0.0119643324
-0.0120607676
-0.0121617271
-0.0121545440
-0.0121058089
-0.0120898179
-0.0119976544
-0.0118341915
-0.0117318109
-0.0116489626
-0.0115116089
-0.0113756744
-0.0112622102
-0.0110668864
-0.0108406752
-0.0108738523
-0.0111096020
-0.0112603240
-0.0113125655
-0.0112931847
-0.0113175893
-0.0114417633
-0.0114407048
-0.0113964357
-0.0115775344
-0.0119994790
-0.0126030713
-0.0131843162
-0.0136641118
-0.0143474916
-0.0152057636
-0.0159214288
-0.0164990034
-0.0170049087
-0.0175231303
-0.0181802370
-0.0189443454
-0.0196692266
-0.0201195785
-0.0203560213
-0.0207317402
-0.0212231960
-0.0215752599
-0.0217815392
-0.0219455203
-0.0220352187
];
