avg_array = [
-0.0038232451
-0.0038051226
-0.0035247649
-0.0033993463
-0.0033318482
-0.0032007145
-0.0031090055
-0.0030303529
-0.0028060485
-0.0025020159
-0.0023639302
-0.0023031080
-0.0020895275
-0.0018319680
-0.0016573009
-0.0015173776
-0.0014401172
-0.0014605852
-0.0015337523
-0.0015183966
-0.0012514548
-0.0009041501
-0.0006877090
-0.0004605279
-0.0002203969
-0.0001314577
-0.0001170525
-0.0000653161
0.0000406757
0.0003043798
0.0007410283
0.0011069678
0.0013401278
0.0016320502
0.0018933950
0.0020144058
0.0022076920
0.0024658988
0.0025876484
0.0027161139
0.0030190282
0.0032937128
0.0034511331
0.0036946510
0.0039737166
0.0041350032
0.0043287995
0.0046340227
0.0049170417
0.0051231520
0.0052646923
0.0053290555
0.0053004907
0.0052824899
0.0054484176
0.0057241408
0.0059041193
0.0059551509
0.0059694250
0.0060762972
0.0062723986
0.0064371241
0.0065852528
0.0067617404
0.0069938094
0.0072796024
0.0075353080
0.0078853275
0.0083539621
0.0087076171
0.0091032226
0.0096643861
0.0100968804
0.0104823048
0.0111196110
0.0118529721
0.0124293259
0.0129711238
0.0136200330
0.0141380895
0.0145345780
0.0152047170
0.0160529230
0.0167798955
0.0174922401
0.0182579034
0.0189663728
0.0196421360
0.0204477623
0.0213339575
0.0219675491
0.0223853078
0.0229165591
0.0235752650
0.0243908885
0.0254432880
0.0265257701
0.0274035304
0.0281332960
0.0289813390
0.0299288118
0.0308124341
0.0317607313
0.0327596069
0.0336387332
0.0345453307
0.0355925992
0.0365214882
0.0371771834
0.0377880461
0.0385634400
0.0394161207
0.0402005892
0.0409284171
0.0415768226
0.0420624119
0.0424847043
0.0429294251
0.0433575771
0.0438374038
0.0443148190
0.0446545470
0.0449578121
0.0451993438
0.0453058377
0.0454613432
0.0455998082
0.0454650786
0.0451742018
0.0450003852
0.0449703474
0.0449004915
0.0446632555
0.0443514217
0.0441014715
0.0438795326
0.0435777832
0.0431423521
0.0425777962
0.0419184994
0.0411792472
0.0404247086
0.0397182612
0.0390439793
0.0384341626
0.0378608622
0.0372069349
0.0364891907
0.0357668688
0.0349815319
0.0342063094
0.0336964122
0.0333141143
0.0327003976
0.0320347920
0.0315023116
0.0308597995
0.0302147093
0.0298260015
0.0294932041
0.0290645493
0.0286202928
0.0281306106
0.0275699159
0.0270534521
0.0266560205
0.0263428766
0.0260762174
0.0258073404
0.0254277361
0.0249666553
0.0246389933
0.0244054573
0.0239402438
0.0233204913
0.0230296446
0.0230145617
0.0228633979
0.0226675419
0.0224612992
0.0219264975
0.0212004251
0.0206410409
0.0201832358
0.0197563830
0.0194095400
0.0191037221
0.0189601314
0.0188266272
0.0182916626
0.0175701927
0.0170946259
0.0168336678
0.0166339058
0.0164062793
0.0159567014
0.0152732801
0.0146196079
0.0140282320
0.0134044097
0.0129131837
0.0126644284
0.0124282098
0.0120091697
0.0115439699
0.0110938882
0.0104825311
0.0098156611
0.0092877237
0.0087744929
0.0082913207
0.0079190293
0.0075564829
0.0072648012
0.0069802448
0.0064621166
0.0059069129
0.0055950816
0.0053609324
0.0050360276
0.0047736538
0.0046638579
0.0044497002
0.0040850626
0.0038815048
0.0037131758
0.0033811206
0.0032483610
0.0033759456
0.0033164784
0.0030729673
0.0029456372
0.0028425358
0.0027020368
0.0026876529
0.0026667866
0.0024848966
0.0023879243
0.0024614465
0.0023751073
0.0020840666
0.0018569223
0.0017580363
0.0017386129
0.0017126592
0.0016727258
0.0016388456
0.0014279496
0.0011997574
0.0012852451
0.0013994895
0.0012567493
0.0010542441
0.0008655860
0.0006192030
0.0003450048
0.0000149331
-0.0002888439
-0.0004989129
-0.0007579044
-0.0009559037
-0.0009518196
-0.0010610172
-0.0014341599
-0.0017360309
-0.0019169721
-0.0022473103
-0.0026550581
-0.0029508653
-0.0031568161
-0.0032840907
-0.0034320773
-0.0037838090
-0.0041225176
-0.0042177309
-0.0044160275
-0.0048977967
-0.0053945680
-0.0058325476
-0.0062121228
-0.0064623192
-0.0066214481
-0.0067941261
-0.0072075026
-0.0079323550
-0.0086939198
-0.0093557100
-0.0099542358
-0.0104215068
-0.0108869088
-0.0116203031
-0.0124437157
-0.0130710089
-0.0135543440
-0.0138616012
-0.0140324811
-0.0143026555
-0.0145314487
-0.0144966173
-0.0142921006
-0.0139976571
-0.0135648877
-0.0129706905
-0.0123299758
-0.0116515762
-0.0108419644
-0.0100608913
-0.0094039841
-0.0087394269
-0.0079586847
-0.0071097074
-0.0064659814
-0.0059862742
-0.0053404515
-0.0047057015
-0.0044237032
-0.0043978619
-0.0044276050
-0.0045335319
-0.0048328535
-0.0052724748
-0.0056534729
-0.0060616970
-0.0067102523
-0.0075207787
-0.0083929975
-0.0092647673
-0.0100942085
-0.0109899750
-0.0119543533
-0.0128156617
-0.0135473419
-0.0142877505
-0.0150231483
-0.0156586839
-0.0161606562
-0.0166255818
-0.0171718306
-0.0175230223
-0.0175911000
-0.0176599068
];
