avg_array = [
-0.0315571122
-0.0315119489
-0.0313724805
-0.0313892592
-0.0314907263
-0.0315476533
-0.0315422393
-0.0314417031
-0.0309299290
-0.0300126719
-0.0292055265
-0.0287100135
-0.0283060024
-0.0276553496
-0.0267182188
-0.0260269433
-0.0258452540
-0.0255158458
-0.0246349496
-0.0238203447
-0.0232852090
-0.0225282616
-0.0216148859
-0.0208017086
-0.0199098873
-0.0189836160
-0.0182135332
-0.0173597004
-0.0161497155
-0.0148453318
-0.0139053739
-0.0132782368
-0.0125266141
-0.0114941704
-0.0104249204
-0.0094823942
-0.0086120144
-0.0078687560
-0.0070517570
-0.0058494776
-0.0046406487
-0.0036929101
-0.0026957616
-0.0015863789
-0.0004364227
0.0007988269
0.0020082219
0.0031725321
0.0046306714
0.0064442560
0.0081353190
0.0096476617
0.0112179353
0.0126988063
0.0142987428
0.0162635689
0.0180331190
0.0195303508
0.0215135041
0.0239618712
0.0262008785
0.0281527768
0.0301576222
0.0323208869
0.0345738185
0.0369075698
0.0391892294
0.0413937718
0.0437974623
0.0460685599
0.0478510992
0.0499018444
0.0524861377
0.0548262665
0.0569838933
0.0594392319
0.0615923330
0.0632170154
0.0651495355
0.0673550348
0.0694146332
0.0716481260
0.0737912406
0.0753904781
0.0769660753
0.0786853625
0.0799409748
0.0807255433
0.0816071324
0.0827387173
0.0840009287
0.0853192504
0.0863596818
0.0869649407
0.0874400466
0.0878008395
0.0878861867
0.0881113361
0.0887422011
0.0892876080
0.0896850828
0.0901837612
0.0902143316
0.0895445161
0.0890963025
0.0891483319
0.0888842732
0.0883673259
0.0881989643
0.0878724993
0.0871234758
0.0867049325
0.0866153308
0.0861882617
0.0856191738
0.0853184558
0.0849630262
0.0845343552
0.0843539973
0.0840561010
0.0834156252
0.0828362089
0.0823295446
0.0816611968
0.0810425079
0.0805422223
0.0797866659
0.0788770382
0.0782383871
0.0775985583
0.0767185229
0.0760650403
0.0756037870
0.0748226750
0.0739960493
0.0734622416
0.0727894536
0.0718666514
0.0712046411
0.0708607728
0.0703902408
0.0696876863
0.0689407107
0.0681744390
0.0671861755
0.0657970572
0.0644477395
0.0635392985
0.0625255023
0.0610710437
0.0596245261
0.0583642903
0.0569985394
0.0556077114
0.0545939674
0.0536692263
0.0523761035
0.0510726247
0.0500178087
0.0488798569
0.0475124377
0.0459866973
0.0444094293
0.0431020704
0.0420524516
0.0408182801
0.0394219244
0.0380713223
0.0367009287
0.0352847322
0.0337871904
0.0323675093
0.0311002772
0.0297649455
0.0286016166
0.0277654252
0.0268947357
0.0259842160
0.0251495857
0.0241460313
0.0231086505
0.0225218848
0.0219988889
0.0209666758
0.0201097817
0.0200033172
0.0200161242
0.0197316231
0.0194447199
0.0192766672
0.0190968555
0.0190235776
0.0191133796
0.0189397098
0.0185049211
0.0182433056
0.0178510743
0.0172206396
0.0168213355
0.0161961962
0.0150138419
0.0140856188
0.0135457362
0.0129282640
0.0124744807
0.0121199573
0.0114472607
0.0109696820
0.0108616756
0.0103589402
0.0097050836
0.0095605185
0.0094587312
0.0090677677
0.0086891700
0.0081139604
0.0070479053
0.0059953946
0.0053053359
0.0045887257
0.0038790918
0.0034821451
0.0029498604
0.0018902129
0.0007201921
-0.0000613701
-0.0005256629
-0.0009891989
-0.0014395703
-0.0016897435
-0.0018173271
-0.0020130590
-0.0022905385
-0.0027481134
-0.0033531162
-0.0036158573
-0.0035862988
-0.0038427727
-0.0042232805
-0.0043368902
-0.0043772702
-0.0044807982
-0.0045380815
-0.0045700634
-0.0044700765
-0.0041471207
-0.0039804985
-0.0039557977
-0.0035170791
-0.0030078794
-0.0029876716
-0.0028315264
-0.0020295192
-0.0010813671
-0.0004495978
-0.0000299774
0.0004191579
0.0009980689
0.0016762409
0.0022139306
0.0026054330
0.0030580057
0.0032619252
0.0031135713
0.0031253458
0.0032456805
0.0030045964
0.0026313697
0.0025529572
0.0024445716
0.0019821240
0.0015441894
0.0012675329
0.0007387946
0.0000076184
-0.0003695553
-0.0004187414
-0.0007669656
-0.0014017168
-0.0018102357
-0.0021965044
-0.0029070166
-0.0036008225
-0.0040293917
-0.0044625046
-0.0050159723
-0.0054729402
-0.0058810612
-0.0063056376
-0.0065945658
-0.0069090930
-0.0071989396
-0.0071925246
-0.0071680912
-0.0071929022
-0.0070016993
-0.0068970601
-0.0071911753
-0.0074295144
-0.0071777081
-0.0068716262
-0.0069678975
-0.0071335519
-0.0069609593
-0.0065653191
-0.0063015740
-0.0062697641
-0.0062464659
-0.0061360281
-0.0059486913
-0.0055955442
-0.0051727409
-0.0049059202
-0.0049137414
-0.0050372226
-0.0049269980
-0.0046079082
-0.0044290961
-0.0045388831
-0.0046880892
-0.0046201424
-0.0045020411
-0.0044977940
-0.0045048018
-0.0044623677
-0.0044558871
-0.0046521231
-0.0048821538
-0.0048948076
-0.0051287530
-0.0056888426
-0.0058743854
-0.0057034715
-0.0057416147
-0.0058610561
-0.0057788066
-0.0057648040
-0.0059654128
-0.0061509300
-0.0064474748
-0.0069814948
-0.0072484016
-0.0071901546
-0.0073983790
-0.0077833066
-0.0080142154
-0.0083624028
-0.0088039203
-0.0089241114
];
