avg_array = [
-0.0181977382
-0.0180554790
-0.0178923252
-0.0177346411
-0.0174419672
-0.0171139681
-0.0169224070
-0.0167390816
-0.0163211093
-0.0155351960
-0.0146618637
-0.0141061379
-0.0138033107
-0.0132739948
-0.0121246796
-0.0106469948
-0.0093418709
-0.0080334009
-0.0063609524
-0.0045670498
-0.0029702942
-0.0012122050
0.0009069566
0.0027598738
0.0043359311
0.0063325529
0.0084154328
0.0101447117
0.0121271713
0.0144708949
0.0166387300
0.0187857245
0.0211265456
0.0233158680
0.0255249780
0.0281075225
0.0305875938
0.0327971266
0.0353323846
0.0381747799
0.0408753814
0.0436402950
0.0465974491
0.0493179898
0.0518401352
0.0545087808
0.0572185607
0.0598661920
0.0625024412
0.0649340750
0.0670852913
0.0692432157
0.0712419959
0.0726827569
0.0740436048
0.0755852122
0.0765433512
0.0767838823
0.0769823933
0.0774072831
0.0777632657
0.0775458576
0.0768387905
0.0761603330
0.0754701438
0.0744459050
0.0729967617
0.0715218597
0.0704173084
0.0692086520
0.0676331273
0.0661375977
0.0646146153
0.0628032155
0.0610649113
0.0594834172
0.0577001341
0.0557369874
0.0537613127
0.0516987645
0.0496528219
0.0477849356
0.0459044862
0.0439166577
0.0420079598
0.0399575974
0.0375879973
0.0357362733
0.0347665687
0.0336641179
0.0321253274
0.0308642931
0.0299521118
0.0289684825
0.0279179010
0.0271236539
0.0265495668
0.0259930756
0.0256522492
0.0254347245
0.0248946469
0.0241698458
0.0237051157
0.0236495007
0.0238587910
0.0240279930
0.0240304620
0.0240950746
0.0244069305
0.0246531881
0.0245691844
0.0244566245
0.0243954566
0.0242636565
0.0242686903
0.0241513165
0.0234788412
0.0227708354
0.0224609946
0.0221139160
0.0215840866
0.0210964762
0.0205372404
0.0196711476
0.0187127646
0.0181916084
0.0178205830
0.0170174233
0.0161783460
0.0155594842
0.0148486913
0.0141112789
0.0133992045
0.0125739919
0.0117196076
0.0109669231
0.0102906404
0.0094810316
0.0084324597
0.0072561496
0.0063330495
0.0061082042
0.0061218759
0.0057210969
0.0052312628
0.0049105028
0.0045053978
0.0040688055
0.0037620597
0.0034769094
0.0032778090
0.0032512858
0.0030674845
0.0027389773
0.0027190966
0.0027517776
0.0024629819
0.0023255248
0.0024662291
0.0022548699
0.0016159710
0.0011020957
0.0007912826
0.0003702131
0.0000101208
0.0000865161
0.0003155374
0.0002230283
0.0001313429
0.0003448883
0.0003609080
0.0000963995
0.0000325239
0.0001408658
0.0002114785
0.0001597742
-0.0000472048
-0.0002585363
-0.0005025396
-0.0007824295
-0.0009179549
-0.0010476659
-0.0013327013
-0.0016418336
-0.0018097045
-0.0019061947
-0.0021597538
-0.0025145320
-0.0028123569
-0.0030697685
-0.0032847043
-0.0034154868
-0.0035866670
-0.0040842702
-0.0046180616
-0.0047285460
-0.0048140744
-0.0048595403
-0.0043707046
-0.0039823691
-0.0041744917
-0.0043186236
-0.0041446333
-0.0039376232
-0.0039590269
-0.0042224173
-0.0044787067
-0.0046540329
-0.0047143258
-0.0046430863
-0.0047205526
-0.0049100952
-0.0049028299
-0.0047510952
-0.0044757107
-0.0041733934
-0.0041739096
-0.0042914141
-0.0041872974
-0.0040671817
-0.0041210017
-0.0041583983
-0.0041049164
-0.0040364184
-0.0039160442
-0.0037921209
-0.0037930103
-0.0037483335
-0.0033070884
-0.0028176505
-0.0027993028
-0.0026614510
-0.0020683251
-0.0017632878
-0.0018128094
-0.0018422737
-0.0021251139
-0.0023819594
-0.0020632658
-0.0019017841
-0.0024539628
-0.0029919953
-0.0031164617
-0.0031359525
-0.0032670015
-0.0036122207
-0.0040806876
-0.0042371593
-0.0039231021
-0.0038070432
-0.0042840638
-0.0046749563
-0.0044314358
-0.0038850338
-0.0035665936
-0.0035261842
-0.0036144945
-0.0037029001
-0.0035895059
-0.0033783743
-0.0031123528
-0.0027111046
-0.0025822701
-0.0028462323
-0.0030100260
-0.0029827640
-0.0031209738
-0.0035545762
-0.0040474432
-0.0043383300
-0.0044463461
-0.0045355390
-0.0047889576
-0.0052005799
-0.0054411978
-0.0055012952
-0.0056869239
-0.0057427025
-0.0054412020
-0.0053972242
-0.0057502271
-0.0058023544
-0.0058097358
-0.0063405348
-0.0067297033
-0.0067843868
-0.0071326559
-0.0074637299
-0.0074197550
-0.0073266310
-0.0073241502
-0.0075093125
-0.0077178083
-0.0075106700
-0.0071453724
-0.0070979299
-0.0074028109
-0.0078566622
-0.0079733906
-0.0077774245
-0.0079375838
-0.0083618044
-0.0085594799
-0.0087266240
-0.0090778495
-0.0093658739
-0.0095167652
-0.0097326936
-0.0099213347
-0.0100116336
-0.0101546373
-0.0101798358
-0.0101110197
-0.0102019089
-0.0102250618
-0.0100744076
-0.0100386701
-0.0101971796
-0.0103029332
-0.0102389434
-0.0102754073
-0.0104720555
-0.0105314119
];
