avg_array = [
-0.0305870661
-0.0305287013
-0.0299369279
-0.0293936390
-0.0289691753
-0.0278786405
-0.0261490841
-0.0246307655
-0.0229885189
-0.0204414868
-0.0175778781
-0.0147488105
-0.0110579282
-0.0065698898
-0.0022817478
0.0024827645
0.0087491569
0.0153841554
0.0217687180
0.0291235238
0.0372172226
0.0449229614
0.0531904504
0.0626660990
0.0719133510
0.0809785265
0.0910299899
0.1011261592
0.1106941681
0.1208809216
0.1312878017
0.1409582976
0.1509818371
0.1615843614
0.1711419022
0.1800100632
0.1895966879
0.1988617806
0.2067126651
0.2143114824
0.2219870580
0.2286377016
0.2346078306
0.2405016445
0.2454320554
0.2490441965
0.2518705738
0.2538933680
0.2550609958
0.2557073205
0.2559317307
0.2555788492
0.2544918247
0.2526930783
0.2503716766
0.2474231888
0.2438188562
0.2401546312
0.2364040946
0.2316724922
0.2262696744
0.2211590916
0.2157675467
0.2096536754
0.2036195037
0.1974554652
0.1907316716
0.1843633660
0.1784272927
0.1719459017
0.1652695331
0.1594410920
0.1540276220
0.1480763834
0.1421359120
0.1369735226
0.1322545170
0.1278422793
0.1239601166
0.1202345244
0.1161875142
0.1122685823
0.1091356711
0.1063895648
0.1036920656
0.1013730027
0.0990920157
0.0966200964
0.0948017230
0.0936330960
0.0920805389
0.0904238008
0.0897376957
0.0897919643
0.0896963919
0.0893289418
0.0889591382
0.0885948537
0.0880532526
0.0873214377
0.0868821026
0.0868458269
0.0865382062
0.0858854490
0.0852660976
0.0845256724
0.0837156977
0.0830720934
0.0823035698
0.0813262766
0.0804496363
0.0796935685
0.0789035541
0.0780237236
0.0770577929
0.0757778053
0.0740554982
0.0722213069
0.0702902167
0.0680726918
0.0658046669
0.0637775176
0.0618684630
0.0597230288
0.0574572951
0.0553156663
0.0531457981
0.0511336291
0.0493438399
0.0472684516
0.0452123483
0.0436760198
0.0421337530
0.0403621449
0.0387672976
0.0373616962
0.0358879010
0.0343506050
0.0331221788
0.0323997758
0.0316864036
0.0305155464
0.0292157725
0.0282177123
0.0275138971
0.0270550951
0.0266187340
0.0259733641
0.0252985261
0.0246960596
0.0242391271
0.0240158216
0.0237494764
0.0232776158
0.0227325800
0.0222825351
0.0219999031
0.0216894362
0.0212553988
0.0208804341
0.0205966618
0.0201908264
0.0195415526
0.0188837314
0.0184291482
0.0179493950
0.0173503322
0.0168978193
0.0165986306
0.0161763147
0.0154872746
0.0147199199
0.0141009309
0.0134664284
0.0125338404
0.0115945454
0.0111682545
0.0109364956
0.0105647074
0.0102381238
0.0094422890
0.0081902260
0.0075749135
0.0073637119
0.0070292547
0.0071612619
0.0070414781
0.0056227215
0.0042977220
0.0040396342
0.0036637691
0.0030408980
0.0028024465
0.0021810513
0.0010469272
0.0005118048
0.0005617410
0.0004091213
0.0001617990
0.0001089800
-0.0000569771
-0.0002522384
-0.0002375275
-0.0004334477
-0.0008153008
-0.0008890305
-0.0008371322
-0.0008271815
-0.0006555628
-0.0005127629
-0.0005936278
-0.0007810223
-0.0009645937
-0.0009897287
-0.0007605766
-0.0004470142
-0.0003008717
-0.0002854104
-0.0002948422
-0.0003063297
-0.0001142737
0.0003547160
0.0008291218
0.0010169337
0.0010966464
0.0014878015
0.0019007046
0.0018651565
0.0016891037
0.0017068588
0.0017981437
0.0018613417
0.0018507903
0.0016679492
0.0013715890
0.0013200722
0.0015265487
0.0015394779
0.0015593321
0.0019367223
0.0022059645
0.0023068177
0.0026385844
0.0028178160
0.0026858920
0.0027970626
0.0030456499
0.0031009625
0.0031954928
0.0031975704
0.0028248545
0.0025641212
0.0027099397
0.0028565219
0.0028963889
0.0028895875
0.0027693634
0.0027501099
0.0028675422
0.0028460600
0.0027356970
0.0026914506
0.0025763759
0.0021693234
0.0014423308
0.0007853250
0.0001760623
-0.0010532913
-0.0023737645
-0.0029497892
-0.0036109861
-0.0046530166
-0.0052504020
-0.0057715952
-0.0066800975
-0.0073595978
-0.0077123310
-0.0080041625
-0.0081293387
-0.0081845848
-0.0081933199
-0.0081229352
-0.0083907936
-0.0091810005
-0.0099420268
-0.0103097473
-0.0105944304
-0.0106585223
-0.0102074573
-0.0098768489
-0.0100270717
-0.0103615125
-0.0106428354
-0.0104635333
-0.0097742096
-0.0091252511
-0.0087380151
-0.0082738744
-0.0076861309
-0.0074538208
-0.0075395503
-0.0074128753
-0.0071616827
-0.0070443326
-0.0067522113
-0.0062970038
-0.0062333516
-0.0065377224
-0.0066180449
-0.0065073872
-0.0066332257
-0.0066282468
-0.0062463906
-0.0061907659
-0.0065367013
-0.0066365769
-0.0066239525
-0.0069151484
-0.0073336444
-0.0076580377
-0.0078682135
-0.0079532495
-0.0080269018
-0.0082673953
-0.0086932686
-0.0090121445
-0.0090153186
-0.0089609022
-0.0088933629
-0.0086962921
-0.0087341742
-0.0091306006
-0.0095592098
-0.0100091849
-0.0104824003
-0.0108165329
-0.0112904954
-0.0120302679
-0.0125900076
-0.0130414982
-0.0139093200
-0.0148895192
-0.0153454280
-0.0157220110
-0.0165313052
-0.0171948100
-0.0175661361
-0.0182020949
-0.0186585886
];
