avg_array = [
-0.0166626420
-0.0164075319
-0.0158792751
-0.0154970749
-0.0151263134
-0.0149226545
-0.0149961588
-0.0149392184
-0.0145054908
-0.0139330887
-0.0136145322
-0.0134409884
-0.0131841706
-0.0131337593
-0.0131731671
-0.0128948178
-0.0126225581
-0.0125791380
-0.0124148400
-0.0120373870
-0.0117119369
-0.0115424818
-0.0113061867
-0.0109381494
-0.0107176782
-0.0105481204
-0.0100675139
-0.0095762455
-0.0093395541
-0.0088671437
-0.0082303402
-0.0079682231
-0.0077662892
-0.0074139227
-0.0072400637
-0.0071178848
-0.0070431422
-0.0071802762
-0.0071822747
-0.0070915345
-0.0070628238
-0.0066804135
-0.0061985904
-0.0061120261
-0.0059505658
-0.0055609503
-0.0055099794
-0.0057912289
-0.0059016745
-0.0054880786
-0.0047597706
-0.0044253968
-0.0045318622
-0.0046492657
-0.0047665125
-0.0046686154
-0.0044212375
-0.0046960537
-0.0053198370
-0.0057233015
-0.0058797970
-0.0058362250
-0.0057439968
-0.0057723343
-0.0057281437
-0.0054561245
-0.0053390735
-0.0057705270
-0.0064801190
-0.0071047540
-0.0077018268
-0.0082063690
-0.0084215112
-0.0085427439
-0.0086686562
-0.0087218158
-0.0089484046
-0.0091383069
-0.0088165352
-0.0083606051
-0.0081166727
-0.0078306200
-0.0075327224
-0.0073400402
-0.0070569849
-0.0065908607
-0.0060657854
-0.0055519866
-0.0049190593
-0.0042615254
-0.0039226238
-0.0037769041
-0.0034504735
-0.0031448097
-0.0031068333
-0.0028608799
-0.0024468852
-0.0025625220
-0.0028408226
-0.0028039528
-0.0028387892
-0.0028759697
-0.0028061545
-0.0031526862
-0.0036949139
-0.0034453044
-0.0026719171
-0.0024310653
-0.0023802994
-0.0019827050
-0.0016471883
-0.0013852648
-0.0009987234
-0.0005057884
0.0003460836
0.0014935141
0.0022174301
0.0023924976
0.0027259565
0.0034608739
0.0044674111
0.0056312450
0.0066367153
0.0074682378
0.0083445723
0.0093469783
0.0105278134
0.0117634516
0.0129111179
0.0138950789
0.0147543050
0.0158421509
0.0171814001
0.0183822002
0.0192692460
0.0199221262
0.0204015511
0.0205683370
0.0208435467
0.0217681021
0.0224618478
0.0224406879
0.0228686862
0.0238625127
0.0242749402
0.0241890137
0.0244673587
0.0250690609
0.0254842720
0.0254528707
0.0249526314
0.0242705601
0.0235815706
0.0227339331
0.0219741760
0.0215790015
0.0209654653
0.0198321733
0.0188051841
0.0179089692
0.0167951614
0.0159512741
0.0155191416
0.0150771159
0.0147273705
0.0143521041
0.0136090758
0.0127644234
0.0120000327
0.0111868392
0.0105471965
0.0103527946
0.0101567876
0.0094240119
0.0086866550
0.0085061166
0.0084239419
0.0083129255
0.0086406489
0.0092549172
0.0097113837
0.0101824927
0.0108507486
0.0112454004
0.0114668373
0.0122580757
0.0133299709
0.0140034807
0.0143621812
0.0146061495
0.0149180175
0.0153954637
0.0156715603
0.0156540798
0.0157126551
0.0158493756
0.0157833041
0.0155904003
0.0156746568
0.0159824299
0.0159598495
0.0155812604
0.0152588648
0.0150577185
0.0149450180
0.0148581504
0.0145023207
0.0140338902
0.0137501744
0.0135534599
0.0136533491
0.0138748899
0.0135822298
0.0131244223
0.0128672200
0.0122920982
0.0113601369
0.0106793753
0.0104441115
0.0102411576
0.0097536506
0.0092198995
0.0088621291
0.0086108073
0.0083533045
0.0079954838
0.0075971085
0.0072382656
0.0068525725
0.0064363265
0.0060502785
0.0056132221
0.0052353506
0.0051535343
0.0051288930
0.0051002871
0.0052699457
0.0051788536
0.0047827909
0.0048063841
0.0050394905
0.0048939375
0.0045633625
0.0042086116
0.0037215943
0.0032481870
0.0031048036
0.0031857635
0.0029931494
0.0024380827
0.0018175036
0.0013823238
0.0011759322
0.0010230488
0.0007230403
0.0002228041
-0.0000902082
0.0000280671
0.0001656579
0.0000779475
-0.0000890153
-0.0000661954
0.0002298618
0.0003897405
0.0002895101
0.0004169269
0.0007071536
0.0004998817
0.0000065948
-0.0002206494
-0.0003726469
-0.0004647189
-0.0005654144
-0.0011379457
-0.0017450253
-0.0017585548
-0.0015929023
-0.0016259628
-0.0017968401
-0.0022010594
-0.0028547361
-0.0034621099
-0.0037837138
-0.0040785804
-0.0045052557
-0.0048351887
-0.0053341034
-0.0062039571
-0.0069768758
-0.0074756030
-0.0079931662
-0.0086873963
-0.0092403380
-0.0092340199
-0.0089807872
-0.0090558278
-0.0093140247
-0.0093391447
-0.0091986365
-0.0091967151
-0.0093532438
-0.0094852431
-0.0095542250
-0.0096128446
-0.0095949523
-0.0094068395
-0.0092353321
-0.0092533441
-0.0091297939
-0.0086808753
-0.0081672219
-0.0076634731
-0.0072501163
-0.0071226187
-0.0069266584
-0.0060397166
-0.0047418851
-0.0038654346
-0.0033473109
-0.0027427344
-0.0022856191
-0.0020321488
-0.0016254381
-0.0012504312
-0.0010677718
-0.0005540784
0.0004709509
0.0015012916
0.0022820101
0.0029180165
0.0033135813
0.0034288156
0.0036182713
0.0039061360
0.0038578068
0.0036896500
0.0038721537
0.0040840754
0.0040612823
0.0039949186
0.0039016424
0.0037828992
0.0035753183
0.0031065055
0.0025871770
0.0021009823
0.0012307461
0.0000880720
-0.0007187279
-0.0013469789
-0.0021768522
-0.0028650673
-0.0034388079
-0.0042935188
-0.0050382706
-0.0053195502
-0.0055389843
-0.0059810106
-0.0063755998
-0.0065069255
-0.0067433417
-0.0073597693
-0.0078093307
-0.0078601707
-0.0080649215
-0.0083735894
-0.0084089641
-0.0084027933
-0.0085968038
-0.0089821825
-0.0094210392
-0.0095856837
-0.0094800062
-0.0095061999
-0.0096219219
];
